27,22,0.010419171303510666,1325, 1251, 0, 0, 0
27,22,0.028940849006175995,1233, 1252, 0, 0, 0
27,22,0.04861503839492798,1159, 1245, 0, 0, 0
27,22,0.06713671609759331,1175, 1242, 0, 0, 0
27,22,0.08565839380025864,1283, 1242, 0, 0, 0
27,22,0.10418007150292397,1331, 1249, 0, 0, 0
27,22,0.1227017492055893,1262, 1252, 0, 0, 0
27,22,0.14121178537607193,1163, 1246, 0, 0, 0
27,22,0.15973346307873726,1172, 1242, 0, 0, 0
27,22,0.17710262909531593,1322, 1246, 0, 0, 0
27,22,0.19677681848406792,1329, 1249, 0, 0, 0
27,22,0.21529849618673325,1263, 1251, 0, 0, 0
27,22,0.23382017388939857,1165, 1246, 0, 0, 0
27,22,0.2500251866877079,1224, 1240, 0, 0, 0
27,22,0.2696993760764599,1319, 1246, 0, 0, 0
27,22,0.28705690056085587,1285, 1252, 0, 0, 0
27,23,0.3055785782635212,1210, 1250, 0, 0, 0
27,23,0.3241002559661865,1157, 1243, 0, 0, 0
27,23,0.3414577804505825,1280, 1242, 0, 0, 0
27,23,0.3611319698393345,1325, 1246, 0, 0, 0
27,23,0.3819703124463558,1329, 1249, 0, 0, 0
27,23,0.3970228135585785,1166, 1246, 0, 0, 0
27,23,0.4155444912612438,1179, 1241, 0, 0, 0
27,23,0.4352186806499958,1219, 1241, 0, 0, 0
27,23,0.4525762051343918,1329, 1248, 0, 0, 0
27,23,0.47225039452314377,1306, 1251, 0, 0, 0
27,23,0.49193622544407845,1201, 1250, 0, 0, 0
27,23,0.5081412382423878,1177, 1242, 0, 0, 0
27,23,0.5266512744128704,1274, 1242, 0, 0, 0
27,23,0.5451729521155357,1330, 1249, 0, 0, 0
27,23,0.5648471415042877,1307, 1251, 0, 0, 0
27,23,0.6088404916226864,1265, 1252, 0, 0, 0
27,23,0.6458722054958344,1178, 1242, 0, 0, 0
27,23,0.656291376799345,1262, 1252, 0, 0, 0
27,23,0.6771297194063663,1210, 1250, 0, 0, 0
27,23,0.6944872438907623,1158, 1244, 0, 0, 0
27,23,0.7130089215934277,1221, 1241, 0, 0, 0
27,23,0.731530599296093,1320, 1245, 0, 0, 0
27,23,0.7500522769987583,1304, 1251, 0, 0, 0
27,23,0.7662572897970676,1166, 1246, 0, 0, 0
27,23,0.7859314791858196,1172, 1242, 0, 0, 0
27,23,0.804453156888485,1276, 1242, 0, 0, 0
27,23,0.8241273462772369,1316, 1246, 0, 0, 0
27,23,0.8403323590755463,1266, 1252, 0, 0, 0
27,23,0.8588540367782116,1167, 1247, 0, 0, 0
27,23,0.8773757144808769,1172, 1242, 0, 0, 0
27,23,0.8970499038696289,1275, 1242, 0, 0, 0
27,23,0.9155715815722942,1329, 1249, 0, 0, 0
27,23,0.9375624358654022,1329, 1250, 0, 0, 0
27,23,0.9526032954454422,1166, 1247, 0, 0, 0
27,23,0.9711249731481075,1170, 1242, 0, 0, 0
27,23,0.9896466508507729,1274, 1242, 0, 0, 0
27,23,1.0081683285534382,1329, 1250, 0, 0, 0
27,23,1.0266900062561035,1258, 1252, 0, 0, 0
27,23,1.0509858839213848,1303, 1251, 0, 0, 0
27,23,1.0683550499379635,1170, 1246, 0, 0, 0
27,23,1.0857125744223595,1172, 1242, 0, 0, 0
27,23,1.1042342521250248,1279, 1243, 0, 0, 0
27,23,1.1215917766094208,1311, 1251, 0, 0, 0
27,23,1.1412776075303555,1264, 1252, 0, 0, 0
27,23,1.1586351320147514,1157, 1244, 0, 0, 0
27,23,1.1783093214035034,1171, 1242, 0, 0, 0
27,23,1.1968309991061687,1274, 1242, 0, 0, 0
27,23,1.215352676808834,1329, 1249, 0, 0, 0
27,23,1.2338743545114994,1268, 1251, 0, 0, 0
27,23,1.2489152140915394,1172, 1242, 0, 0, 0
27,23,1.2674368917942047,1278, 1242, 0, 0, 0
27,23,1.28595856949687,1329, 1249, 0, 0, 0
27,23,1.3044802471995354,1266, 1252, 0, 0, 0
27,23,1.3230019249022007,1173, 1246, 0, 0, 0
27,23,1.3415119610726833,1169, 1241, 0, 0, 0
27,23,1.3600336387753487,1275, 1242, 0, 0, 0
27,23,1.3774028047919273,1329, 1248, 0, 0, 0
27,23,1.3947603292763233,1214, 1250, 0, 0, 0
27,23,1.4155986718833447,1168, 1246, 0, 0, 0
27,23,1.43412034958601,1169, 1242, 0, 0, 0
27,23,1.4526303857564926,1273, 1243, 0, 0, 0
27,24,1.471152063459158,1328, 1249, 0, 0, 0
27,24,1.4885212294757366,1272, 1252, 0, 0, 0
27,24,1.5058787539601326,1158, 1244, 0, 0, 0
27,24,1.5255529433488846,1215, 1241, 0, 0, 0
27,24,1.5429221093654633,1329, 1247, 0, 0, 0
27,24,1.5625962987542152,1307, 1251, 0, 0, 0
27,24,1.5799538232386112,1181, 1249, 0, 0, 0
27,24,1.5984755009412766,1159, 1245, 0, 0, 0
27,24,1.6169971786439419,1214, 1241, 0, 0, 0
27,24,1.6366713680326939,1313, 1246, 0, 0, 0
27,24,1.6528763808310032,1272, 1251, 0, 0, 0
27,24,1.6725505702197552,1187, 1249, 0, 0, 0
27,24,1.6945414245128632,1210, 1250, 0, 0, 0
27,24,1.7095939256250858,1211, 1240, 0, 0, 0
27,24,1.7292681150138378,1319, 1246, 0, 0, 0
27,24,1.7477897927165031,1325, 1251, 0, 0, 0
27,24,1.7663114704191685,1236, 1251, 0, 0, 0
27,24,1.7848331481218338,1161, 1246, 0, 0, 0
27,24,1.8010381609201431,1237, 1240, 0, 0, 0
27,24,1.8195598386228085,1327, 1248, 0, 0, 0
27,24,1.840386539697647,1326, 1251, 0, 0, 0
27,24,1.8589082174003124,1241, 1251, 0, 0, 0
27,24,1.8774298951029778,1162, 1245, 0, 0, 0
27,24,1.895951572805643,1184, 1241, 0, 0, 0
27,24,1.913309097290039,1327, 1248, 0, 0, 0
27,24,1.9318307749927044,1288, 1252, 0, 0, 0
27,24,1.9503524526953697,1214, 1250, 0, 0, 0
27,24,1.9700266420841217,1158, 1244, 0, 0, 0
27,24,1.9850675016641617,1273, 1242, 0, 0, 0
27,24,2.005905844271183,1314, 1246, 0, 0, 0
27,24,2.0244275219738483,1309, 1251, 0, 0, 0
27,24,2.0429491996765137,1218, 1250, 0, 0, 0
27,24,2.061470877379179,1157, 1244, 0, 0, 0
27,24,2.078828401863575,1271, 1242, 0, 0, 0
27,24,2.0973500795662403,1330, 1249, 0, 0, 0
27,24,2.1158717572689056,1271, 1252, 0, 0, 0
27,24,2.1332292817533016,1169, 1247, 0, 0, 0
27,24,2.151750959455967,1166, 1242, 0, 0, 0
27,24,2.1702726371586323,1271, 1242, 0, 0, 0
27,24,2.191099338233471,1310, 1246, 0, 0, 0
27,24,2.2096210159361362,1310, 1251, 0, 0, 0
27,24,2.2281426936388016,1210, 1250, 0, 0, 0
27,24,2.244347706437111,1165, 1243, 0, 0, 0
27,24,2.2651860490441322,1207, 1240, 0, 0, 0
27,24,2.283696085214615,1311, 1245, 0, 0, 0
27,24,2.3010652512311935,1265, 1252, 0, 0, 0
27,24,2.3207394406199455,1212, 1250, 0, 0, 0
27,24,2.3380969651043415,1171, 1242, 0, 0, 0
27,24,2.356618642807007,1262, 1242, 0, 0, 0
27,24,2.376292832195759,1314, 1245, 0, 0, 0
27,24,2.394814509898424,1316, 1251, 0, 0, 0
27,24,2.4133361876010895,1214, 1250, 0, 0, 0
27,24,2.429541200399399,1170, 1242, 0, 0, 0
27,24,2.449215389788151,1274, 1242, 0, 0, 0
27,24,2.467737067490816,1330, 1249, 0, 0, 0
27,24,2.4839420802891254,1214, 1251, 0, 0, 0
27,24,2.5024637579917908,1158, 1245, 0, 0, 0
27,24,2.5221379473805428,1169, 1242, 0, 0, 0
27,24,2.5418237783014774,1270, 1242, 0, 0, 0
27,24,2.56033381447196,1331, 1249, 0, 0, 0
27,24,2.5765388272702694,1216, 1250, 0, 0, 0
27,24,2.5950605049729347,1159, 1244, 0, 0, 0
27,25,2.615898847579956,1168, 1242, 0, 0, 0
27,25,2.6321038603782654,1313, 1246, 0, 0, 0
27,25,2.6540947146713734,1311, 1245, 0, 0, 0
27,25,2.6714522391557693,1273, 1251, 0, 0, 0
27,25,2.6876572519540787,1159, 1245, 0, 0, 0
27,25,2.7073314413428307,1166, 1242, 0, 0, 0
27,25,2.725853119045496,1264, 1242, 0, 0, 0
27,25,2.7455389499664307,1329, 1248, 0, 0, 0
27,25,2.7640489861369133,1278, 1252, 0, 0, 0
27,25,2.7825706638395786,1171, 1247, 0, 0, 0
27,25,2.7999281883239746,1172, 1242, 0, 0, 0
27,25,2.81844986602664,1262, 1242, 0, 0, 0
27,25,2.8369715437293053,1330, 1249, 0, 0, 0
27,25,2.8554932214319706,1211, 1250, 0, 0, 0
27,25,2.8728507459163666,1158, 1243, 0, 0, 0
27,25,2.891372423619032,1209, 1241, 0, 0, 0
27,25,2.9098941013216972,1309, 1245, 0, 0, 0
27,25,2.927251625806093,1266, 1251, 0, 0, 0
27,25,2.9480899684131145,1243, 1251, 0, 0, 0
27,25,2.96661164611578,1163, 1245, 0, 0, 0
27,25,2.982816658914089,1231, 1241, 0, 0, 0
27,25,3.0013383366167545,1327, 1247, 0, 0, 0
27,25,3.022165037691593,1325, 1250, 0, 0, 0
27,25,3.0406867153942585,1246, 1251, 0, 0, 0
27,25,3.058055881410837,1159, 1243, 0, 0, 0
27,25,3.077730070799589,1166, 1242, 0, 0, 0
27,25,3.0962517485022545,1314, 1244, 0, 0, 0
27,25,3.114761784672737,1324, 1250, 0, 0, 0
27,25,3.1332834623754025,1248, 1251, 0, 0, 0
27,25,3.151805140078068,1160, 1245, 0, 0, 0
27,25,3.1691743060946465,1239, 1241, 0, 0, 0
27,25,3.1888484954833984,1290, 1242, 0, 0, 0
27,25,3.2062060199677944,1296, 1251, 0, 0, 0
27,25,3.2258802093565464,1252, 1252, 0, 0, 0
27,25,3.2420852221548557,1160, 1243, 0, 0, 0
27,25,3.2617710530757904,1235, 1241, 0, 0, 0
27,25,3.2791285775601864,1324, 1247, 0, 0, 0
27,25,3.2976502552628517,1295, 1251, 0, 0, 0
27,25,3.316171932965517,1189, 1249, 0, 0, 0
27,25,3.335846122354269,1159, 1244, 0, 0, 0
27,25,3.3543678000569344,1232, 1241, 0, 0, 0
27,25,3.3728894777595997,1323, 1246, 0, 0, 0
27,25,3.3902470022439957,1300, 1251, 0, 0, 0
27,25,3.4099211916327477,1191, 1250, 0, 0, 0
27,25,3.428442869335413,1162, 1244, 0, 0, 0
27,25,3.445800393819809,1228, 1241, 0, 0, 0
27,25,3.4643220715224743,1327, 1246, 0, 0, 0
27,25,3.4828437492251396,1300, 1251, 0, 0, 0
27,25,3.501365426927805,1195, 1248, 0, 0, 0
27,25,3.5198871046304703,1160, 1243, 0, 0, 0
27,25,3.538397140800953,1227, 1240, 0, 0, 0
27,25,3.5569188185036182,1326, 1247, 0, 0, 0
27,25,3.574287984520197,1249, 1252, 0, 0, 0
27,25,3.5951146855950356,1195, 1249, 0, 0, 0
27,25,3.611319698393345,1181, 1242, 0, 0, 0
27,25,3.632158041000366,1223, 1241, 0, 0, 0
27,25,3.647198900580406,1328, 1250, 0, 0, 0
27,25,3.6680372431874275,1294, 1251, 0, 0, 0
27,25,3.685406409204006,1166, 1246, 0, 0, 0
27,25,3.705080598592758,1157, 1243, 0, 0, 0
27,25,3.722438123077154,1291, 1242, 0, 0, 0
27,25,3.742112312465906,1324, 1247, 0, 0, 0
27,25,3.7583173252642155,1253, 1251, 0, 0, 0
27,26,3.77800315618515,1166, 1246, 0, 0, 0
27,26,3.795360680669546,1177, 1242, 0, 0, 0
27,26,3.8161990232765675,1231, 1241, 0, 0, 0
27,26,3.8335565477609634,1326, 1250, 0, 0, 0
27,26,3.8532307371497154,1298, 1251, 0, 0, 0
27,26,3.8717524148523808,1191, 1249, 0, 0, 0
27,26,3.8891215808689594,1175, 1241, 0, 0, 0
27,26,3.9064791053533554,1285, 1243, 0, 0, 0
27,26,3.9273174479603767,1320, 1247, 0, 0, 0
27,26,3.9458274841308594,1302, 1251, 0, 0, 0
27,26,3.9643491618335247,1194, 1249, 0, 0, 0
27,26,3.98287083953619,1158, 1243, 0, 0, 0
27,26,4.000240005552769,1283, 1243, 0, 0, 0
27,26,4.018750041723251,1327, 1250, 0, 0, 0
27,26,4.038435872644186,1301, 1251, 0, 0, 0
27,26,4.055793397128582,1163, 1246, 0, 0, 0
27,26,4.074315074831247,1181, 1242, 0, 0, 0
27,26,4.092836752533913,1281, 1243, 0, 0, 0
27,26,4.111346788704395,1328, 1250, 0, 0, 0
27,26,4.128715954720974,1262, 1251, 0, 0, 0
27,26,4.14607347920537,1159, 1244, 0, 0, 0
27,26,4.165747668594122,1224, 1241, 0, 0, 0
27,26,4.183116834610701,1314, 1245, 0, 0, 0
27,26,4.201638512313366,1321, 1252, 0, 0, 0
27,26,4.220160190016031,1223, 1251, 0, 0, 0
27,26,4.24098689109087,1179, 1247, 0, 0, 0
27,26,4.257191903889179,1251, 1242, 0, 0, 0
27,26,4.275713581591845,1325, 1246, 0, 0, 0
27,26,4.29423525929451,1297, 1251, 0, 0, 0
27,26,4.312756936997175,1201, 1249, 0, 0, 0
27,26,4.331266973167658,1158, 1244, 0, 0, 0
27,26,4.3509528040885925,1218, 1241, 0, 0, 0
27,26,4.369462840259075,1309, 1245, 0, 0, 0
27,26,4.386832006275654,1280, 1252, 0, 0, 0
27,26,4.406506195664406,1203, 1249, 0, 0, 0
27,26,4.425027873367071,1158, 1245, 0, 0, 0
27,26,4.4435495510697365,1192, 1241, 0, 0, 0
27,26,4.462071228772402,1308, 1245, 0, 0, 0
27,26,4.4805812649428844,1317, 1251, 0, 0, 0
27,26,4.49910294264555,1232, 1251, 0, 0, 0
27,26,4.5164721086621284,1163, 1243, 0, 0, 0
27,26,4.534982144832611,1256, 1241, 0, 0, 0
27,26,4.55235131084919,1330, 1250, 0, 0, 0
27,26,4.572025500237942,1284, 1251, 0, 0, 0
27,26,4.589383024722338,1165, 1247, 0, 0, 0
27,26,4.607904702425003,1174, 1242, 0, 0, 0
27,26,4.628743045032024,1224, 1240, 0, 0, 0
27,26,4.644948057830334,1329, 1249, 0, 0, 0
27,26,4.663469735532999,1261, 1252, 0, 0, 0
27,26,4.681991413235664,1165, 1246, 0, 0, 0
27,26,4.700501449406147,1179, 1241, 0, 0, 0
27,26,4.720187280327082,1221, 1241, 0, 0, 0
27,26,4.738697316497564,1325, 1246, 0, 0, 0
27,26,4.756066482514143,1265, 1252, 0, 0, 0
27,26,4.774588160216808,1165, 1245, 0, 0, 0
27,26,4.793098196387291,1179, 1242, 0, 0, 0
27,26,4.81046736240387,1288, 1243, 0, 0, 0
27,26,4.830141551792622,1331, 1250, 0, 0, 0
27,26,4.848663229495287,1255, 1252, 0, 0, 0
27,26,4.867184907197952,1166, 1246, 0, 0, 0
27,26,4.886859096586704,1157, 1244, 0, 0, 0
27,26,4.90538077428937,1216, 1241, 0, 0, 0
27,26,4.923902451992035,1323, 1246, 0, 0, 0
27,27,4.941259976476431,1258, 1251, 0, 0, 0
27,27,4.958617500960827,1167, 1247, 0, 0, 0
27,27,4.9783033318817616,1174, 1242, 0, 0, 0
27,27,4.9956608563661575,1284, 1242, 0, 0, 0
27,27,5.014182534068823,1329, 1249, 0, 0, 0
27,27,5.032704211771488,1260, 1251, 0, 0, 0
27,27,5.0512258894741535,1164, 1246, 0, 0, 0
27,27,5.069735925644636,1173, 1241, 0, 0, 0
27,27,5.0882576033473015,1279, 1243, 0, 0, 0
27,27,5.1079317927360535,1330, 1249, 0, 0, 0
27,27,5.126453470438719,1263, 1252, 0, 0, 0
27,27,5.1438226364552975,1165, 1246, 0, 0, 0
27,27,5.164649337530136,1158, 1244, 0, 0, 0
27,27,5.183171015232801,1222, 1241, 0, 0, 0
27,27,5.199376028031111,1329, 1249, 0, 0, 0
27,27,5.219050217419863,1264, 1251, 0, 0, 0
27,27,5.238736048340797,1201, 1250, 0, 0, 0
27,27,5.256093572825193,1178, 1242, 0, 0, 0
27,27,5.274615250527859,1276, 1243, 0, 0, 0
27,27,5.293136928230524,1330, 1249, 0, 0, 0
27,27,5.31049445271492,1268, 1252, 0, 0, 0
27,27,5.330168642103672,1169, 1246, 0, 0, 0
27,27,5.346373654901981,1219, 1241, 0, 0, 0
27,27,5.366047844290733,1271, 1243, 0, 0, 0
27,27,5.383417010307312,1307, 1251, 0, 0, 0
27,27,5.401938688009977,1203, 1250, 0, 0, 0
27,27,5.420460365712643,1159, 1244, 0, 0, 0
27,27,5.441287066787481,1173, 1242, 0, 0, 0
27,27,5.462125409394503,1212, 1241, 0, 0, 0
27,27,5.476013757288456,1304, 1251, 0, 0, 0
27,27,5.494535434991121,1207, 1250, 0, 0, 0
27,27,5.513057112693787,1159, 1244, 0, 0, 0
27,27,5.532731302082539,1171, 1242, 0, 0, 0
27,27,5.550088826566935,1320, 1246, 0, 0, 0
27,27,5.570927169173956,1331, 1250, 0, 0, 0
27,27,5.587132181972265,1212, 1250, 0, 0, 0
27,27,5.607970524579287,1164, 1246, 0, 0, 0
27,27,5.626480560749769,1171, 1242, 0, 0, 0
27,27,5.6426855735480785,1319, 1246, 0, 0, 0
27,27,5.662371404469013,1330, 1249, 0, 0, 0
27,27,5.680881440639496,1268, 1252, 0, 0, 0
27,27,5.697086453437805,1158, 1244, 0, 0, 0
27,27,5.7179247960448265,1219, 1241, 0, 0, 0
27,27,5.734129808843136,1328, 1248, 0, 0, 0
27,27,5.752651486545801,1288, 1252, 0, 0, 0
27,27,5.772325675934553,1241, 1251, 0, 0, 0
27,27,5.7931640185415745,1161, 1245, 0, 0, 0
27,27,5.809369031339884,1219, 1241, 0, 0, 0
27,27,5.827890709042549,1315, 1246, 0, 0, 0
27,27,5.846400745213032,1309, 1251, 0, 0, 0
27,27,5.86376991122961,1169, 1247, 0, 0, 0
27,27,5.882291588932276,1160, 1243, 0, 0, 0
27,27,5.900801625102758,1242, 1241, 0, 0, 0
27,27,5.920487456023693,1330, 1248, 0, 0, 0
27,27,5.940161645412445,1311, 1251, 0, 0, 0
27,27,5.95868332311511,1235, 1251, 0, 0, 0
27,27,5.976040847599506,1158, 1243, 0, 0, 0
27,27,5.994562525302172,1212, 1241, 0, 0, 0
27,27,6.014236714690924,1319, 1246, 0, 0, 0
27,27,6.031605880707502,1287, 1251, 0, 0, 0
27,27,6.050115916877985,1187, 1248, 0, 0, 0
27,27,6.06863759458065,1159, 1244, 0, 0, 0
27,28,6.087159272283316,1207, 1241, 0, 0, 0
27,28,6.105680949985981,1319, 1246, 0, 0, 0
27,28,6.124202627688646,1314, 1250, 0, 0, 0
27,28,6.142724305391312,1212, 1249, 0, 0, 0
27,28,6.161234341561794,1157, 1244, 0, 0, 0
27,28,6.17975601926446,1206, 1241, 0, 0, 0
27,28,6.198277696967125,1318, 1245, 0, 0, 0
27,28,6.215635221451521,1268, 1252, 0, 0, 0
27,28,6.236473564058542,1215, 1250, 0, 0, 0
27,28,6.253831088542938,1158, 1242, 0, 0, 0
27,28,6.272352766245604,1244, 1241, 0, 0, 0
27,28,6.289721932262182,1326, 1248, 0, 0, 0
27,28,6.307079456746578,1244, 1252, 0, 0, 0
27,28,6.3279177993535995,1182, 1248, 0, 0, 0
27,28,6.3452753238379955,1167, 1242, 0, 0, 0
27,28,6.3649495132267475,1213, 1241, 0, 0, 0
27,28,6.381154526025057,1330, 1249, 0, 0, 0
27,28,6.400828715413809,1273, 1252, 0, 0, 0
27,28,6.4181978814303875,1168, 1247, 0, 0, 0
27,28,6.4378720708191395,1166, 1242, 0, 0, 0
27,28,6.455241236835718,1268, 1242, 0, 0, 0
27,28,6.473751273006201,1331, 1249, 0, 0, 0
27,28,6.494589615613222,1312, 1251, 0, 0, 0
27,28,6.511947140097618,1170, 1247, 0, 0, 0
27,28,6.529316306114197,1171, 1242, 0, 0, 0
27,28,6.547837983816862,1265, 1243, 0, 0, 0
27,28,6.567512173205614,1329, 1249, 0, 0, 0
27,28,6.58486969769001,1277, 1251, 0, 0, 0
27,28,6.603391375392675,1171, 1246, 0, 0, 0
27,28,6.623065564781427,1171, 1242, 0, 0, 0
27,28,6.641587242484093,1275, 1242, 0, 0, 0
27,28,6.657792255282402,1315, 1252, 0, 0, 0
27,28,6.677466444671154,1282, 1252, 0, 0, 0
27,28,6.695988122373819,1174, 1246, 0, 0, 0
27,28,6.714509800076485,1170, 1242, 0, 0, 0
27,28,6.73303147777915,1272, 1242, 0, 0, 0
27,28,6.751553155481815,1331, 1249, 0, 0, 0
27,28,6.770074833184481,1270, 1251, 0, 0, 0
27,28,6.788584869354963,1175, 1246, 0, 0, 0
27,28,6.805954035371542,1204, 1240, 0, 0, 0
27,28,6.824464071542025,1315, 1245, 0, 0, 0
27,28,6.845302414149046,1331, 1249, 0, 0, 0
27,28,6.861507426947355,1217, 1251, 0, 0, 0
27,28,6.881181616336107,1169, 1247, 0, 0, 0
27,28,6.899703294038773,1166, 1242, 0, 0, 0
27,28,6.915908306837082,1314, 1246, 0, 0, 0
27,28,6.936746649444103,1330, 1249, 0, 0, 0
27,28,6.952951662242413,1222, 1250, 0, 0, 0
27,28,6.9726258516311646,1157, 1244, 0, 0, 0
27,28,6.99114752933383,1199, 1241, 0, 0, 0
27,28,7.010821718722582,1262, 1243, 0, 0, 0
27,28,7.029343396425247,1331, 1248, 0, 0, 0
27,28,7.0478650741279125,1278, 1252, 0, 0, 0
27,28,7.0652225986123085,1157, 1245, 0, 0, 0
27,28,7.0848967880010605,1171, 1242, 0, 0, 0
27,28,7.104582618921995,1261, 1243, 0, 0, 0
27,28,7.125409319996834,1314, 1245, 0, 0, 0
27,28,7.139297667890787,1214, 1251, 0, 0, 0
27,28,7.156666833907366,1164, 1242, 0, 0, 0
27,28,7.178657688200474,1185, 1242, 0, 0, 0
27,28,7.194862700998783,1318, 1245, 0, 0, 0
27,28,7.212220225483179,1315, 1252, 0, 0, 0
27,28,7.231894414871931,1216, 1250, 0, 0, 0
27,29,7.24926358088851,1171, 1242, 0, 0, 0
27,29,7.268937770277262,1201, 1241, 0, 0, 0
27,29,7.28630693629384,1331, 1249, 0, 0, 0
27,29,7.304816972464323,1300, 1252, 0, 0, 0
27,29,7.322186138480902,1164, 1246, 0, 0, 0
27,29,7.34301283955574,1161, 1244, 0, 0, 0
27,29,7.362698670476675,1201, 1242, 0, 0, 0
27,29,7.378903683274984,1327, 1247, 0, 0, 0
27,29,7.39626120775938,1247, 1252, 0, 0, 0
27,29,7.415935397148132,1196, 1249, 0, 0, 0
27,29,7.434457074850798,1158, 1244, 0, 0, 0
27,29,7.452978752553463,1238, 1241, 0, 0, 0
27,29,7.470336277037859,1331, 1251, 0, 0, 0
27,29,7.49117461964488,1312, 1252, 0, 0, 0
27,29,7.508532144129276,1179, 1248, 0, 0, 0
27,29,7.527053821831942,1158, 1244, 0, 0, 0
27,29,7.546728011220694,1235, 1241, 0, 0, 0
27,29,7.565249688923359,1285, 1243, 0, 0, 0
27,29,7.582618854939938,1298, 1251, 0, 0, 0
27,29,7.601140532642603,1190, 1249, 0, 0, 0
27,29,7.618498057126999,1178, 1241, 0, 0, 0
27,29,7.640488911420107,1181, 1242, 0, 0, 0
27,29,7.656693924218416,1323, 1247, 0, 0, 0
27,29,7.6752156019210815,1299, 1251, 0, 0, 0
27,29,7.693737279623747,1193, 1250, 0, 0, 0
27,29,7.7122473157942295,1156, 1244, 0, 0, 0
27,29,7.730768993496895,1228, 1241, 0, 0, 0
27,29,7.74929067119956,1326, 1246, 0, 0, 0
27,29,7.7678123489022255,1302, 1251, 0, 0, 0
27,29,7.786334026604891,1194, 1249, 0, 0, 0
27,29,7.804855704307556,1157, 1244, 0, 0, 0
27,29,7.823365740478039,1223, 1241, 0, 0, 0
27,29,7.841887418180704,1326, 1246, 0, 0, 0
27,29,7.8604090958833694,1295, 1251, 0, 0, 0
27,29,7.878930773586035,1198, 1249, 0, 0, 0
27,29,7.896288298070431,1180, 1242, 0, 0, 0
27,29,7.915962487459183,1221, 1241, 0, 0, 0
27,29,7.934484165161848,1325, 1247, 0, 0, 0
27,29,7.951853331178427,1252, 1252, 0, 0, 0
27,29,7.971527520567179,1201, 1250, 0, 0, 0
27,29,7.990049198269844,1157, 1244, 0, 0, 0
27,29,8.00740672275424,1288, 1242, 0, 0, 0
27,29,8.025928400456905,1329, 1251, 0, 0, 0
27,29,8.04445007815957,1256, 1252, 0, 0, 0
27,29,8.064124267548323,1190, 1249, 0, 0, 0
27,29,8.081481792032719,1177, 1242, 0, 0, 0
27,29,8.100003469735384,1285, 1243, 0, 0, 0
27,29,8.117372635751963,1329, 1249, 0, 0, 0
27,29,8.135882671922445,1258, 1253, 0, 0, 0
27,29,8.15440434962511,1163, 1247, 0, 0, 0
27,29,8.172926027327776,1184, 1242, 0, 0, 0
27,29,8.190283551812172,1322, 1247, 0, 0, 0
27,29,8.208805229514837,1300, 1251, 0, 0, 0
27,29,8.228491060435772,1260, 1252, 0, 0, 0
27,29,8.245848584920168,1159, 1244, 0, 0, 0
27,29,8.26552277430892,1181, 1242, 0, 0, 0
27,29,8.284044452011585,1280, 1243, 0, 0, 0
27,29,8.301401976495981,1302, 1251, 0, 0, 0
27,29,8.321087807416916,1263, 1251, 0, 0, 0
27,29,8.340761996805668,1165, 1245, 0, 0, 0
27,29,8.358119521290064,1179, 1242, 0, 0, 0
27,29,8.377793710678816,1279, 1243, 0, 0, 0
27,29,8.395162876695395,1328, 1249, 0, 0, 0
27,30,8.41368455439806,1253, 1252, 0, 0, 0
27,30,8.432206232100725,1165, 1246, 0, 0, 0
27,30,8.451880421489477,1176, 1242, 0, 0, 0
27,30,8.470402099192142,1274, 1243, 0, 0, 0
27,30,8.487759623676538,1330, 1250, 0, 0, 0
27,30,8.506281301379204,1200, 1250, 0, 0, 0
27,30,8.528272155672312,1183, 1248, 0, 0, 0
27,30,8.544477168470621,1177, 1242, 0, 0, 0
27,30,8.562998846173286,1285, 1243, 0, 0, 0
27,30,8.580356370657682,1300, 1250, 0, 0, 0
27,30,8.597713895142078,1181, 1248, 0, 0, 0
27,30,8.617399726063013,1159, 1244, 0, 0, 0
27,30,8.635921403765678,1190, 1240, 0, 0, 0
27,30,8.654431439936161,1305, 1245, 0, 0, 0
27,30,8.672953117638826,1324, 1251, 0, 0, 0
27,30,8.691474795341492,1233, 1251, 0, 0, 0
27,30,8.711148984730244,1159, 1245, 0, 0, 0
27,30,8.729670662432909,1160, 1243, 0, 0, 0
27,30,8.747028186917305,1306, 1245, 0, 0, 0
27,30,8.76554986461997,1319, 1251, 0, 0, 0
27,30,8.782919030636549,1177, 1247, 0, 0, 0
27,30,8.802593220025301,1159, 1245, 0, 0, 0
27,30,8.821114897727966,1197, 1241, 0, 0, 0
27,30,8.837319910526276,1328, 1248, 0, 0, 0
27,30,8.855841588228941,1286, 1252, 0, 0, 0
27,30,8.875515777617693,1226, 1251, 0, 0, 0
27,30,8.894037455320358,1162, 1243, 0, 0, 0
27,30,8.911394979804754,1279, 1243, 0, 0, 0
27,30,8.931069169193506,1325, 1246, 0, 0, 0
27,30,8.948438335210085,1265, 1252, 0, 0, 0
27,30,8.966948371380568,1165, 1246, 0, 0, 0
27,30,8.985470049083233,1176, 1242, 0, 0, 0
27,30,9.002839215099812,1275, 1243, 0, 0, 0
27,30,9.022513404488564,1329, 1249, 0, 0, 0
27,30,9.041035082191229,1256, 1252, 0, 0, 0
27,30,9.058392606675625,1168, 1246, 0, 0, 0
27,30,9.07691428437829,1175, 1242, 0, 0, 0
27,30,9.095435962080956,1272, 1243, 0, 0, 0
27,30,9.116262663155794,1320, 1247, 0, 0, 0
27,30,9.132467675954103,1259, 1252, 0, 0, 0
27,30,9.153306018561125,1206, 1250, 0, 0, 0
27,30,9.17182769626379,1157, 1244, 0, 0, 0
27,30,9.189185220748186,1268, 1243, 0, 0, 0
27,30,9.206554386764765,1330, 1249, 0, 0, 0
27,30,9.227381087839603,1301, 1251, 0, 0, 0
27,30,9.244750253856182,1165, 1246, 0, 0, 0
27,30,9.264424443244934,1155, 1244, 0, 0, 0
27,30,9.2829461209476,1221, 1241, 0, 0, 0
27,30,9.301467798650265,1319, 1246, 0, 0, 0
27,30,9.317672811448574,1262, 1252, 0, 0, 0
27,30,9.336182847619057,1165, 1247, 0, 0, 0
27,30,9.354704525321722,1170, 1242, 0, 0, 0
27,30,9.373226203024387,1277, 1242, 0, 0, 0
27,30,9.390583727508783,1304, 1251, 0, 0, 0
27,30,9.410269558429718,1266, 1252, 0, 0, 0
27,30,9.427627082914114,1156, 1244, 0, 0, 0
27,30,9.44614876061678,1221, 1242, 0, 0, 0
27,30,9.465822950005531,1274, 1242, 0, 0, 0
27,30,9.484344627708197,1330, 1249, 0, 0, 0
27,30,9.502866305410862,1256, 1252, 0, 0, 0
27,30,9.521387983113527,1169, 1246, 0, 0, 0
27,30,9.53989801928401,1177, 1242, 0, 0, 0
27,30,9.557267185300589,1315, 1245, 0, 0, 0
27,31,9.57694137468934,1329, 1250, 0, 0, 0
27,31,9.595463052392006,1258, 1252, 0, 0, 0
27,31,9.615137241780758,1168, 1247, 0, 0, 0
27,31,9.633658919483423,1174, 1242, 0, 0, 0
27,31,9.652180597186089,1269, 1242, 0, 0, 0
27,31,9.670702274888754,1330, 1247, 0, 0, 0
27,31,9.689212311059237,1287, 1252, 0, 0, 0
27,31,9.706581477075815,1159, 1245, 0, 0, 0
27,31,9.72510315477848,1188, 1241, 0, 0, 0
27,31,9.744777344167233,1249, 1241, 0, 0, 0
27,31,9.763299021869898,1329, 1247, 0, 0, 0
27,31,9.78180905804038,1287, 1251, 0, 0, 0
27,31,9.79917822405696,1160, 1246, 0, 0, 0
27,31,9.817699901759624,1186, 1241, 0, 0, 0
27,31,9.833904914557934,1329, 1248, 0, 0, 0
27,31,9.853579103946686,1321, 1250, 0, 0, 0
27,31,9.873253293335438,1240, 1251, 0, 0, 0
27,31,9.891774971038103,1160, 1246, 0, 0, 0
27,31,9.910296648740768,1185, 1242, 0, 0, 0
27,31,9.927654173225164,1329, 1248, 0, 0, 0
27,31,9.94617585092783,1307, 1251, 0, 0, 0
27,31,9.964697528630495,1216, 1250, 0, 0, 0
27,31,9.985524229705334,1169, 1246, 0, 0, 0
27,31,10.002893395721912,1216, 1241, 0, 0, 0
27,31,10.021415073424578,1294, 1244, 0, 0, 0
27,31,10.039936751127243,1324, 1251, 0, 0, 0
27,31,10.057294275611639,1233, 1252, 0, 0, 0
27,31,10.076968465000391,1160, 1245, 0, 0, 0
27,31,10.095490142703056,1188, 1242, 0, 0, 0
27,31,10.114011820405722,1291, 1244, 0, 0, 0
27,31,10.132533498108387,1327, 1251, 0, 0, 0
27,31,10.151055175811052,1238, 1252, 0, 0, 0
27,31,10.169565211981535,1162, 1246, 0, 0, 0
27,31,10.186934377998114,1238, 1241, 0, 0, 0
27,31,10.20429190248251,1332, 1249, 0, 0, 0
27,31,10.222813580185175,1263, 1252, 0, 0, 0
27,31,10.242487769573927,1188, 1250, 0, 0, 0
27,31,10.262161958962679,1162, 1245, 0, 0, 0
27,31,10.277214460074902,1234, 1241, 0, 0, 0
27,31,10.298052802681923,1328, 1249, 0, 0, 0
27,31,10.315410327166319,1267, 1252, 0, 0, 0
27,31,10.33508451655507,1214, 1250, 0, 0, 0
27,31,10.35245368257165,1169, 1242, 0, 0, 0
27,31,10.370963718742132,1262, 1242, 0, 0, 0
27,31,10.389485396444798,1329, 1248, 0, 0, 0
27,31,10.40915958583355,1300, 1251, 0, 0, 0
27,31,10.426528751850128,1193, 1249, 0, 0, 0
27,31,10.44620294123888,1160, 1244, 0, 0, 0
27,31,10.464724618941545,1200, 1240, 0, 0, 0
27,31,10.482082143425941,1331, 1250, 0, 0, 0
27,31,10.49945130944252,1274, 1252, 0, 0, 0
27,31,10.520278010517359,1223, 1250, 0, 0, 0
27,31,10.538799688220024,1158, 1245, 0, 0, 0
27,31,10.55732136592269,1198, 1241, 0, 0, 0
27,31,10.573526378720999,1330, 1249, 0, 0, 0
27,31,10.59320056810975,1274, 1252, 0, 0, 0
27,31,10.612874757498503,1210, 1251, 0, 0, 0
27,31,10.631396435201168,1158, 1245, 0, 0, 0
27,31,10.647601447999477,1266, 1242, 0, 0, 0
27,31,10.667287278920412,1331, 1249, 0, 0, 0
27,31,10.685797315090895,1278, 1252, 0, 0, 0
27,31,10.703166481107473,1171, 1246, 0, 0, 0
27,32,10.721688158810139,1165, 1242, 0, 0, 0
27,32,10.740198194980621,1261, 1242, 0, 0, 0
27,32,10.759884025901556,1317, 1245, 0, 0, 0
27,32,10.778405703604221,1281, 1252, 0, 0, 0
27,32,10.796915739774704,1173, 1248, 0, 0, 0
27,32,10.813120752573013,1208, 1242, 0, 0, 0
27,32,10.832794941961765,1257, 1242, 0, 0, 0
27,32,10.853633284568787,1315, 1246, 0, 0, 0
27,32,10.871002450585365,1283, 1252, 0, 0, 0
27,32,10.889512486755848,1176, 1248, 0, 0, 0
27,32,10.908034164458513,1167, 1242, 0, 0, 0
27,32,10.926555842161179,1269, 1242, 0, 0, 0
27,32,10.943913366645575,1331, 1248, 0, 0, 0
27,32,10.96359919756651,1275, 1251, 0, 0, 0
27,32,10.982120875269175,1175, 1247, 0, 0, 0
27,32,11.000630911439657,1167, 1243, 0, 0, 0
27,32,11.019152589142323,1267, 1242, 0, 0, 0
27,32,11.035357601940632,1320, 1251, 0, 0, 0
27,32,11.053879279643297,1220, 1250, 0, 0, 0
27,32,11.07355346903205,1171, 1248, 0, 0, 0
27,32,11.095544323325157,1158, 1244, 0, 0, 0
27,32,11.11059682443738,1264, 1241, 0, 0, 0
27,32,11.129118502140045,1330, 1249, 0, 0, 0
27,32,11.147628538310528,1278, 1251, 0, 0, 0
27,32,11.166150216013193,1171, 1248, 0, 0, 0
27,32,11.182355228811502,1194, 1241, 0, 0, 0
27,32,11.203193571418524,1259, 1242, 0, 0, 0
27,32,11.22171524912119,1330, 1249, 0, 0, 0
27,32,11.239072773605585,1215, 1251, 0, 0, 0
27,32,11.258746962994337,1173, 1247, 0, 0, 0
27,32,11.276116129010916,1204, 1242, 0, 0, 0
27,32,11.295790318399668,1257, 1242, 0, 0, 0
27,32,11.314311996102333,1333, 1249, 0, 0, 0
27,32,11.332833673804998,1283, 1252, 0, 0, 0
27,32,11.351343709975481,1174, 1247, 0, 0, 0
27,32,11.36871287599206,1201, 1241, 0, 0, 0
27,32,11.388387065380812,1252, 1241, 0, 0, 0
27,32,11.406908743083477,1333, 1248, 0, 0, 0
27,32,11.424266267567873,1221, 1251, 0, 0, 0
27,32,11.443952098488808,1158, 1244, 0, 0, 0
27,32,11.46246213465929,1179, 1242, 0, 0, 0
27,32,11.479831300675869,1326, 1247, 0, 0, 0
27,32,11.497188825160265,1285, 1252, 0, 0, 0
27,32,11.514557991176844,1165, 1245, 0, 0, 0
27,32,11.533068027347326,1167, 1242, 0, 0, 0
27,32,11.553906369954348,1198, 1241, 0, 0, 0
27,32,11.570111382752657,1331, 1248, 0, 0, 0
27,32,11.588633060455322,1276, 1252, 0, 0, 0
27,32,11.608307249844074,1179, 1248, 0, 0, 0
27,32,11.625676415860653,1159, 1244, 0, 0, 0
27,32,11.644186452031136,1288, 1243, 0, 0, 0
27,32,11.66387228295207,1329, 1248, 0, 0, 0
27,32,11.682382319122553,1299, 1251, 0, 0, 0
27,32,11.700903996825218,1202, 1250, 0, 0, 0
27,32,11.72057818621397,1158, 1243, 0, 0, 0
27,32,11.73678319901228,1261, 1242, 0, 0, 0
27,32,11.7576215416193,1305, 1245, 0, 0, 0
27,32,11.776143219321966,1316, 1251, 0, 0, 0
27,32,11.794664897024632,1231, 1251, 0, 0, 0
27,32,11.813186574727297,1157, 1245, 0, 0, 0
27,32,11.83169661089778,1203, 1241, 0, 0, 0
27,32,11.849065776914358,1331, 1249, 0, 0, 0
27,32,11.867587454617023,1301, 1251, 0, 0, 0
27,33,11.886097490787506,1196, 1249, 0, 0, 0
27,33,11.904619168490171,1159, 1245, 0, 0, 0
27,33,11.92198833450675,1283, 1243, 0, 0, 0
27,33,11.939345858991146,1328, 1249, 0, 0, 0
27,33,11.959020048379898,1261, 1252, 0, 0, 0
27,33,11.976389214396477,1166, 1247, 0, 0, 0
27,33,11.99489925056696,1180, 1242, 0, 0, 0
27,33,12.013420928269625,1278, 1242, 0, 0, 0
27,33,12.03310675919056,1329, 1250, 0, 0, 0
27,33,12.051616795361042,1263, 1252, 0, 0, 0
27,33,12.071302626281977,1199, 1250, 0, 0, 0
27,33,12.087507639080286,1178, 1242, 0, 0, 0
27,33,12.107181828469038,1276, 1243, 0, 0, 0
27,33,12.125703506171703,1330, 1249, 0, 0, 0
27,33,12.145377695560455,1300, 1251, 0, 0, 0
27,33,12.162735220044851,1168, 1246, 0, 0, 0
27,33,12.182421050965786,1158, 1245, 0, 0, 0
27,33,12.199778575450182,1286, 1243, 0, 0, 0
27,33,12.219452764838934,1322, 1247, 0, 0, 0
27,33,12.2379744425416,1301, 1251, 0, 0, 0
27,33,12.256496120244265,1207, 1249, 0, 0, 0
27,33,12.27385364472866,1175, 1242, 0, 0, 0
27,33,12.292375322431326,1283, 1242, 0, 0, 0
27,33,12.309732846915722,1330, 1249, 0, 0, 0
27,33,12.328254524618387,1261, 1252, 0, 0, 0
27,33,12.346776202321053,1164, 1246, 0, 0, 0
27,33,12.364133726805449,1213, 1241, 0, 0, 0
27,33,12.382655404508114,1321, 1246, 0, 0, 0
27,33,12.40117708221078,1301, 1251, 0, 0, 0
27,33,12.420851271599531,1263, 1252, 0, 0, 0
27,33,12.439372949302197,1166, 1247, 0, 0, 0
27,33,12.457894627004862,1178, 1242, 0, 0, 0
27,33,12.476416304707527,1276, 1242, 0, 0, 0
27,33,12.494937982410192,1331, 1249, 0, 0, 0
27,33,12.514612171798944,1267, 1252, 0, 0, 0
27,33,12.53313384950161,1167, 1246, 0, 0, 0
27,33,12.550491373986006,1169, 1242, 0, 0, 0
27,33,12.567848898470402,1324, 1246, 0, 0, 0
27,33,12.587534729391336,1330, 1249, 0, 0, 0
27,33,12.607208918780088,1257, 1251, 0, 0, 0
27,33,12.623413931578398,1159, 1244, 0, 0, 0
27,33,12.644252274185419,1174, 1242, 0, 0, 0
27,33,12.661609798669815,1270, 1242, 0, 0, 0
27,33,12.68013147637248,1330, 1250, 0, 0, 0
27,33,12.703274842351675,1329, 1250, 0, 0, 0
27,33,12.717163190245628,1171, 1247, 0, 0, 0
27,33,12.735684867948294,1173, 1242, 0, 0, 0
27,33,12.753054033964872,1320, 1246, 0, 0, 0
27,33,12.771564070135355,1309, 1251, 0, 0, 0
27,33,12.79124990105629,1264, 1251, 0, 0, 0
27,33,12.809771578758955,1170, 1246, 0, 0, 0
27,33,12.828281614929438,1171, 1242, 0, 0, 0
27,33,12.844486627727747,1330, 1249, 0, 0, 0
27,33,12.863008305430412,1285, 1251, 0, 0, 0
27,33,12.883846648037434,1239, 1252, 0, 0, 0
27,33,12.902368325740099,1160, 1245, 0, 0, 0
27,33,12.918573338538408,1250, 1241, 0, 0, 0
27,33,12.93824752792716,1329, 1248, 0, 0, 0
27,33,12.955605052411556,1267, 1252, 0, 0, 0
27,33,12.975279241800308,1190, 1249, 0, 0, 0
27,33,12.992648407816887,1173, 1242, 0, 0, 0
27,33,13.011170085519552,1246, 1241, 0, 0, 0
27,33,13.029691763222218,1328, 1249, 0, 0, 0
27,34,13.04936595261097,1291, 1252, 0, 0, 0
27,34,13.069040141999722,1232, 1252, 0, 0, 0
27,34,13.086397666484118,1160, 1243, 0, 0, 0
27,34,13.104919344186783,1216, 1241, 0, 0, 0
27,34,13.123441021889448,1315, 1246, 0, 0, 0
27,34,13.140798546373844,1270, 1252, 0, 0, 0
27,34,13.161636888980865,1234, 1252, 0, 0, 0
27,34,13.177841901779175,1161, 1243, 0, 0, 0
27,34,13.197516091167927,1240, 1242, 0, 0, 0
27,34,13.214885257184505,1330, 1249, 0, 0, 0
27,34,13.23340693488717,1273, 1251, 0, 0, 0
27,34,13.250764459371567,1162, 1245, 0, 0, 0
27,34,13.270438648760319,1159, 1243, 0, 0, 0
27,34,13.29011283814907,1236, 1240, 0, 0, 0
27,34,13.30748200416565,1329, 1248, 0, 0, 0
27,34,13.326003681868315,1286, 1251, 0, 0, 0
27,34,13.344513718038797,1189, 1249, 0, 0, 0
27,34,13.361882884055376,1190, 1241, 0, 0, 0
27,34,13.382709585130215,1233, 1241, 0, 0, 0
27,34,13.40123126283288,1329, 1248, 0, 0, 0
27,34,13.418600428849459,1289, 1251, 0, 0, 0
27,34,13.435957953333855,1161, 1245, 0, 0, 0
27,34,13.45447963103652,1186, 1241, 0, 0, 0
27,34,13.473001308739185,1297, 1243, 0, 0, 0
27,34,13.492675498127937,1326, 1248, 0, 0, 0
27,34,13.511197175830603,1291, 1251, 0, 0, 0
27,34,13.529718853533268,1194, 1249, 0, 0, 0
27,34,13.547076378017664,1183, 1241, 0, 0, 0
27,34,13.56559805572033,1296, 1243, 0, 0, 0
27,34,13.582955580204725,1326, 1250, 0, 0, 0
27,34,13.602629769593477,1247, 1252, 0, 0, 0
27,34,13.622315600514412,1197, 1249, 0, 0, 0
27,34,13.639673124998808,1192, 1242, 0, 0, 0
27,34,13.657042291015387,1294, 1243, 0, 0, 0
27,34,13.676716480404139,1324, 1250, 0, 0, 0
27,34,13.695238158106804,1251, 1252, 0, 0, 0
27,34,13.7125956825912,1162, 1245, 0, 0, 0
27,34,13.732269871979952,1188, 1242, 0, 0, 0
27,34,13.74963903799653,1291, 1244, 0, 0, 0
27,34,13.768149074167013,1325, 1250, 0, 0, 0
27,34,13.786670751869678,1253, 1252, 0, 0, 0
27,34,13.805192429572344,1161, 1245, 0, 0, 0
27,34,13.824866618961096,1187, 1241, 0, 0, 0
27,34,13.842235784977674,1287, 1244, 0, 0, 0
27,34,13.86075746268034,1326, 1250, 0, 0, 0
27,34,13.879267498850822,1243, 1252, 0, 0, 0
27,34,13.897789176553488,1163, 1246, 0, 0, 0
27,34,13.918627519160509,1159, 1244, 0, 0, 0
27,34,13.937149196863174,1229, 1241, 0, 0, 0
27,34,13.95567087456584,1328, 1248, 0, 0, 0
27,34,13.973028399050236,1243, 1252, 0, 0, 0
27,34,13.991550076752901,1161, 1245, 0, 0, 0
27,34,14.008907601237297,1183, 1242, 0, 0, 0
27,34,14.026265125721693,1326, 1247, 0, 0, 0
27,34,14.047103468328714,1328, 1251, 0, 0, 0
27,34,14.063308481127024,1195, 1250, 0, 0, 0
27,34,14.082982670515776,1162, 1246, 0, 0, 0
27,34,14.101504348218441,1181, 1242, 0, 0, 0
27,34,14.121178537607193,1293, 1243, 0, 0, 0
27,34,14.138547703623772,1329, 1250, 0, 0, 0
27,34,14.158221893012524,1249, 1251, 0, 0, 0
27,34,14.175591059029102,1161, 1245, 0, 0, 0
27,35,14.194101095199585,1187, 1242, 0, 0, 0
27,35,14.21262277290225,1289, 1244, 0, 0, 0
27,35,14.229980297386646,1296, 1251, 0, 0, 0
27,35,14.248501975089312,1199, 1250, 0, 0, 0
27,35,14.268187806010246,1163, 1246, 0, 0, 0
27,35,14.287861995398998,1184, 1242, 0, 0, 0
27,35,14.30753618478775,1287, 1244, 0, 0, 0
27,35,14.322588685899973,1314, 1251, 0, 0, 0
27,35,14.342262875288725,1214, 1251, 0, 0, 0
27,35,14.36078455299139,1159, 1245, 0, 0, 0
27,35,14.378142077475786,1261, 1241, 0, 0, 0
27,35,14.397816266864538,1284, 1243, 0, 0, 0
27,35,14.416337944567204,1298, 1252, 0, 0, 0
27,35,14.434859622269869,1218, 1250, 0, 0, 0
27,35,14.452217146754265,1158, 1244, 0, 0, 0
27,35,14.47073882445693,1257, 1242, 0, 0, 0
27,35,14.488107990473509,1328, 1250, 0, 0, 0
27,35,14.506618026643991,1283, 1252, 0, 0, 0
27,35,14.526303857564926,1176, 1247, 0, 0, 0
27,35,14.544813893735409,1156, 1244, 0, 0, 0
27,35,14.563335571438074,1223, 1241, 0, 0, 0
27,35,14.58185724914074,1325, 1247, 0, 0, 0
27,35,14.600378926843405,1295, 1252, 0, 0, 0
27,35,14.6235222928226,1297, 1251, 0, 0, 0
27,35,14.638574793934822,1160, 1245, 0, 0, 0
27,35,14.657096471637487,1197, 1241, 0, 0, 0
27,35,14.673301484435797,1331, 1249, 0, 0, 0
27,35,14.692975673824549,1278, 1251, 0, 0, 0
27,35,14.711497351527214,1172, 1248, 0, 0, 0
27,35,14.73001902922988,1165, 1243, 0, 0, 0
27,35,14.747376553714275,1262, 1242, 0, 0, 0
27,35,14.76589823141694,1332, 1249, 0, 0, 0
27,35,14.784419909119606,1280, 1252, 0, 0, 0
27,35,14.802941586822271,1173, 1248, 0, 0, 0
27,35,14.82376828789711,1158, 1245, 0, 0, 0
27,35,14.83997330069542,1257, 1242, 0, 0, 0
27,35,14.859647490084171,1331, 1248, 0, 0, 0
27,35,14.878169167786837,1282, 1253, 0, 0, 0
27,35,14.895538333803415,1175, 1248, 0, 0, 0
27,35,14.914048369973898,1164, 1243, 0, 0, 0
27,35,14.933734200894833,1255, 1241, 0, 0, 0
27,35,14.949939213693142,1316, 1252, 0, 0, 0
27,35,14.969613403081894,1284, 1252, 0, 0, 0
27,35,14.98813508078456,1177, 1248, 0, 0, 0
27,35,15.006656758487225,1161, 1242, 0, 0, 0
27,35,15.02401428297162,1315, 1245, 0, 0, 0
27,35,15.042535960674286,1319, 1251, 0, 0, 0
27,35,15.063362661749125,1275, 1252, 0, 0, 0
27,35,15.079567674547434,1159, 1244, 0, 0, 0
27,35,15.099253505468369,1164, 1244, 0, 0, 0
27,35,15.117763541638851,1248, 1242, 0, 0, 0
27,35,15.136285219341516,1331, 1249, 0, 0, 0
27,35,15.154806897044182,1279, 1252, 0, 0, 0
27,35,15.172164421528578,1159, 1245, 0, 0, 0
27,35,15.1930027641356,1164, 1243, 0, 0, 0
27,35,15.210371930152178,1258, 1242, 0, 0, 0
27,35,15.22888196632266,1329, 1249, 0, 0, 0
27,35,15.247403644025326,1282, 1252, 0, 0, 0
27,35,15.265925321727991,1181, 1248, 0, 0, 0
27,35,15.284446999430656,1164, 1243, 0, 0, 0
27,35,15.302968677133322,1258, 1242, 0, 0, 0
27,35,15.320326201617718,1325, 1251, 0, 0, 0
27,35,15.34000039100647,1285, 1252, 0, 0, 0
27,36,15.356205403804779,1159, 1245, 0, 0, 0
27,36,15.375879593193531,1202, 1241, 0, 0, 0
27,36,15.395565424114466,1253, 1241, 0, 0, 0
27,36,15.414087101817131,1330, 1248, 0, 0, 0
27,36,15.432597137987614,1285, 1251, 0, 0, 0
27,36,15.449966304004192,1159, 1245, 0, 0, 0
27,36,15.4719571582973,1162, 1243, 0, 0, 0
27,36,15.48699801787734,1279, 1243, 0, 0, 0
27,36,15.504367183893919,1303, 1251, 0, 0, 0
27,36,15.524041373282671,1254, 1252, 0, 0, 0
27,36,15.542563050985336,1167, 1247, 0, 0, 0
27,36,15.561084728688002,1177, 1242, 0, 0, 0
27,36,15.579594764858484,1276, 1243, 0, 0, 0
27,36,15.595799777656794,1305, 1251, 0, 0, 0
27,36,15.616638120263815,1254, 1252, 0, 0, 0
27,36,15.634007286280394,1157, 1245, 0, 0, 0
27,36,15.653681475669146,1175, 1242, 0, 0, 0
27,36,15.671039000153542,1315, 1246, 0, 0, 0
27,36,15.689560677856207,1306, 1251, 0, 0, 0
27,36,15.708082355558872,1204, 1250, 0, 0, 0
27,36,15.727756544947624,1168, 1246, 0, 0, 0
27,36,15.74511406943202,1216, 1242, 0, 0, 0
27,36,15.764799900352955,1281, 1242, 0, 0, 0
27,36,15.78215742483735,1309, 1251, 0, 0, 0
27,36,15.799514949321747,1205, 1249, 0, 0, 0
27,36,15.819200780242682,1157, 1244, 0, 0, 0
27,36,15.838874969631433,1172, 1242, 0, 0, 0
27,36,15.855079982429743,1332, 1250, 0, 0, 0
27,36,15.874754171818495,1295, 1252, 0, 0, 0
27,36,15.89327584952116,1210, 1250, 0, 0, 0
27,36,15.917583368718624,1268, 1252, 0, 0, 0
27,36,15.93031920492649,1212, 1241, 0, 0, 0
27,36,15.949993394315243,1320, 1246, 0, 0, 0
27,36,15.973136760294437,1297, 1245, 0, 0, 0
27,36,15.985872596502304,1188, 1248, 0, 0, 0
27,36,16.0032301209867,1173, 1242, 0, 0, 0
27,36,16.022915951907635,1249, 1241, 0, 0, 0
27,36,16.0414376296103,1330, 1248, 0, 0, 0
27,36,16.059947665780783,1304, 1251, 0, 0, 0
27,36,16.078469343483448,1201, 1250, 0, 0, 0
27,36,16.096991021186113,1158, 1244, 0, 0, 0
27,36,16.11551269888878,1217, 1241, 0, 0, 0
27,36,16.134034376591444,1314, 1246, 0, 0, 0
27,36,16.152544412761927,1306, 1251, 0, 0, 0
27,36,16.171066090464592,1205, 1250, 0, 0, 0
27,36,16.18843525648117,1169, 1243, 0, 0, 0
27,36,16.208109445869923,1243, 1242, 0, 0, 0
27,36,16.22546697035432,1331, 1248, 0, 0, 0
27,36,16.243988648056984,1294, 1251, 0, 0, 0
27,36,16.26251032575965,1184, 1249, 0, 0, 0
27,36,16.281032003462315,1162, 1244, 0, 0, 0
27,36,16.29955368116498,1239, 1241, 0, 0, 0
27,36,16.318063717335463,1330, 1247, 0, 0, 0
27,36,16.33543288335204,1233, 1252, 0, 0, 0
27,36,16.355107072740793,1186, 1249, 0, 0, 0
27,36,16.37246459722519,1190, 1243, 0, 0, 0
27,36,16.39330293983221,1250, 1241, 0, 0, 0
27,36,16.40950795263052,1326, 1251, 0, 0, 0
27,36,16.43034629523754,1289, 1251, 0, 0, 0
27,36,16.44655130803585,1172, 1246, 0, 0, 0
27,36,16.466225497424603,1172, 1242, 0, 0, 0
27,36,16.484747175127268,1275, 1242, 0, 0, 0
27,36,16.500952187925577,1314, 1251, 0, 0, 0
27,37,16.519473865628242,1212, 1250, 0, 0, 0
27,37,16.54030056670308,1172, 1246, 0, 0, 0
27,37,16.558822244405746,1169, 1242, 0, 0, 0
27,37,16.575027257204056,1318, 1245, 0, 0, 0
27,37,16.594701446592808,1331, 1250, 0, 0, 0
27,37,16.616692300885916,1308, 1251, 0, 0, 0
27,37,16.632897313684225,1183, 1249, 0, 0, 0
27,37,16.650266479700804,1184, 1242, 0, 0, 0
27,37,16.6676240041852,1297, 1245, 0, 0, 0
27,37,16.68729819357395,1325, 1251, 0, 0, 0
27,37,16.70466735959053,1247, 1252, 0, 0, 0
27,37,16.72549406066537,1184, 1249, 0, 0, 0
27,37,16.744015738368034,1160, 1243, 0, 0, 0
27,37,16.761384904384613,1293, 1243, 0, 0, 0
27,37,16.77874242886901,1323, 1251, 0, 0, 0
27,37,16.79841661825776,1251, 1252, 0, 0, 0
27,37,16.81578578427434,1161, 1245, 0, 0, 0
27,37,16.834307461977005,1190, 1242, 0, 0, 0
27,37,16.852817498147488,1290, 1243, 0, 0, 0
27,37,16.871339175850153,1325, 1251, 0, 0, 0
27,37,16.891013365238905,1238, 1253, 0, 0, 0
27,37,16.908382531255484,1159, 1245, 0, 0, 0
27,37,16.92690420895815,1185, 1241, 0, 0, 0
27,37,16.944261733442545,1329, 1247, 0, 0, 0
27,37,16.965100076049566,1327, 1251, 0, 0, 0
27,37,16.98361011222005,1240, 1252, 0, 0, 0
27,37,17.002131789922714,1163, 1246, 0, 0, 0
27,37,17.02065346762538,1185, 1241, 0, 0, 0
27,37,17.03802263364196,1296, 1243, 0, 0, 0
27,37,17.05653266981244,1327, 1250, 0, 0, 0
27,37,17.076218500733376,1244, 1251, 0, 0, 0
27,37,17.09357602521777,1160, 1246, 0, 0, 0
27,37,17.113250214606524,1182, 1242, 0, 0, 0
27,37,17.129455227404833,1327, 1248, 0, 0, 0
27,37,17.149129416793585,1329, 1251, 0, 0, 0
27,37,17.16881524771452,1247, 1252, 0, 0, 0
27,37,17.186172772198915,1160, 1246, 0, 0, 0
27,37,17.20353029668331,1226, 1241, 0, 0, 0
27,37,17.222051974385977,1326, 1247, 0, 0, 0
27,37,17.242890316992998,1326, 1250, 0, 0, 0
27,37,17.261411994695663,1249, 1252, 0, 0, 0
27,37,17.27876951918006,1159, 1243, 0, 0, 0
27,37,17.296138685196638,1267, 1243, 0, 0, 0
27,37,17.31581287458539,1325, 1247, 0, 0, 0
27,37,17.333170399069786,1313, 1251, 0, 0, 0
27,37,17.35285622999072,1211, 1251, 0, 0, 0
27,37,17.372530419379473,1173, 1247, 0, 0, 0
27,37,17.388735432177782,1264, 1242, 0, 0, 0
27,37,17.407245468348265,1324, 1248, 0, 0, 0
27,37,17.4269312992692,1298, 1251, 0, 0, 0
27,37,17.444288823753595,1191, 1249, 0, 0, 0
27,37,17.463963013142347,1158, 1244, 0, 0, 0
27,37,17.482484690845013,1203, 1242, 0, 0, 0
27,37,17.49985385686159,1331, 1249, 0, 0, 0
27,37,17.518363893032074,1299, 1252, 0, 0, 0
27,37,17.53688557073474,1192, 1249, 0, 0, 0
27,37,17.554254736751318,1186, 1242, 0, 0, 0
27,37,17.5727647729218,1296, 1243, 0, 0, 0
27,37,17.592450603842735,1328, 1247, 0, 0, 0
27,37,17.612124793231487,1293, 1251, 0, 0, 0
27,37,17.628329806029797,1162, 1245, 0, 0, 0
27,37,17.646851483732462,1182, 1241, 0, 0, 0
27,38,17.666525673121214,1225, 1241, 0, 0, 0
27,38,17.68504735082388,1326, 1247, 0, 0, 0
27,38,17.703569028526545,1295, 1251, 0, 0, 0
27,38,17.722079064697027,1186, 1249, 0, 0, 0
27,38,17.741764895617962,1157, 1244, 0, 0, 0
27,38,17.75796990841627,1292, 1243, 0, 0, 0
27,38,17.777644097805023,1324, 1248, 0, 0, 0
27,38,17.79616577550769,1297, 1251, 0, 0, 0
27,38,17.812370788305998,1161, 1245, 0, 0, 0
27,38,17.83204497769475,1180, 1242, 0, 0, 0
27,38,17.851719167083502,1234, 1242, 0, 0, 0
27,38,17.86908833310008,1328, 1250, 0, 0, 0
27,38,17.888762522488832,1298, 1251, 0, 0, 0
27,38,17.907284200191498,1192, 1249, 0, 0, 0
27,38,17.92579423636198,1158, 1244, 0, 0, 0
27,38,17.94316340237856,1286, 1244, 0, 0, 0
27,38,17.961685080081224,1327, 1250, 0, 0, 0
27,38,17.97904260456562,1257, 1252, 0, 0, 0
27,38,17.998716793954372,1163, 1246, 0, 0, 0
27,38,18.017238471657038,1183, 1242, 0, 0, 0
27,38,18.034595996141434,1283, 1244, 0, 0, 0
27,38,18.0531176738441,1327, 1250, 0, 0, 0
27,38,18.071639351546764,1260, 1252, 0, 0, 0
27,38,18.09016102924943,1165, 1246, 0, 0, 0
27,38,18.11099937185645,1160, 1243, 0, 0, 0
27,38,18.128356896340847,1293, 1243, 0, 0, 0
27,38,18.145714420825243,1327, 1249, 0, 0, 0
27,38,18.165400251746178,1251, 1251, 0, 0, 0
27,38,18.182757776230574,1165, 1245, 0, 0, 0
27,38,18.20127945393324,1179, 1242, 0, 0, 0
27,38,18.219801131635904,1290, 1243, 0, 0, 0
27,38,18.238311167806387,1328, 1250, 0, 0, 0
27,38,18.256832845509052,1254, 1252, 0, 0, 0
27,38,18.276518676429987,1162, 1246, 0, 0, 0
27,38,18.29502871260047,1175, 1242, 0, 0, 0
27,38,18.31239787861705,1288, 1243, 0, 0, 0
27,38,18.330919556319714,1330, 1250, 0, 0, 0
27,38,18.350593745708466,1257, 1252, 0, 0, 0
27,38,18.366798758506775,1159, 1244, 0, 0, 0
27,38,18.386472947895527,1182, 1242, 0, 0, 0
27,38,18.40614713728428,1283, 1242, 0, 0, 0
27,38,18.424668814986944,1328, 1249, 0, 0, 0
27,38,18.44202633947134,1260, 1252, 0, 0, 0
27,38,18.45939550548792,1161, 1244, 0, 0, 0
27,38,18.47906969487667,1181, 1242, 0, 0, 0
27,38,18.498743884265423,1281, 1242, 0, 0, 0
27,38,18.516113050282,1329, 1250, 0, 0, 0
27,38,18.533470574766397,1196, 1250, 0, 0, 0
27,38,18.551992252469063,1158, 1244, 0, 0, 0
27,38,18.570513930171728,1225, 1242, 0, 0, 0
27,38,18.59018811956048,1320, 1246, 0, 0, 0
27,38,18.60639313235879,1285, 1252, 0, 0, 0
27,38,18.62606732174754,1223, 1251, 0, 0, 0
27,38,18.644588999450207,1161, 1243, 0, 0, 0
27,38,18.663110677152872,1222, 1241, 0, 0, 0
27,38,18.680468201637268,1326, 1246, 0, 0, 0
27,38,18.70130654424429,1329, 1250, 0, 0, 0
27,38,18.7175115570426,1165, 1246, 0, 0, 0
27,38,18.73718574643135,1164, 1243, 0, 0, 0
27,38,18.756859935820103,1218, 1241, 0, 0, 0
27,38,18.77422910183668,1333, 1248, 0, 0, 0
27,38,18.792750779539347,1299, 1250, 0, 0, 0
27,38,18.811272457242012,1203, 1250, 0, 0, 0
27,39,18.829782493412495,1158, 1244, 0, 0, 0
27,39,18.84830417111516,1215, 1241, 0, 0, 0
27,39,18.86567333713174,1329, 1249, 0, 0, 0
27,39,18.886500038206577,1324, 1251, 0, 0, 0
27,39,18.902705051004887,1184, 1248, 0, 0, 0
27,39,18.92237924039364,1163, 1243, 0, 0, 0
27,39,18.940900918096304,1214, 1241, 0, 0, 0
27,39,18.958270084112883,1330, 1250, 0, 0, 0
27,39,18.97909678518772,1303, 1251, 0, 0, 0
27,39,18.99530179798603,1175, 1248, 0, 0, 0
27,39,19.013823475688696,1161, 1243, 0, 0, 0
27,39,19.033497665077448,1253, 1242, 0, 0, 0
27,39,19.049702677875757,1320, 1251, 0, 0, 0
27,39,19.07054102048278,1285, 1252, 0, 0, 0
27,39,19.086746033281088,1159, 1245, 0, 0, 0
27,39,19.10758437588811,1160, 1243, 0, 0, 0
27,39,19.126094412058592,1249, 1241, 0, 0, 0
27,39,19.145780242979527,1298, 1244, 0, 0, 0
27,39,19.161985255777836,1289, 1252, 0, 0, 0
27,39,19.18049529194832,1179, 1248, 0, 0, 0
27,39,19.200181122869253,1160, 1243, 0, 0, 0
27,39,19.21753864735365,1248, 1241, 0, 0, 0
27,39,19.236060325056314,1331, 1248, 0, 0, 0
27,39,19.255734514445066,1291, 1252, 0, 0, 0
27,39,19.274256192147732,1182, 1249, 0, 0, 0
27,39,19.291613716632128,1159, 1243, 0, 0, 0
27,39,19.308982882648706,1309, 1244, 0, 0, 0
27,39,19.32865707203746,1331, 1248, 0, 0, 0
27,39,19.347178749740124,1282, 1252, 0, 0, 0
27,39,19.36453627422452,1161, 1245, 0, 0, 0
27,39,19.38421046361327,1161, 1243, 0, 0, 0
27,39,19.403896294534206,1238, 1242, 0, 0, 0
27,39,19.418937154114246,1326, 1251, 0, 0, 0
27,39,19.43862298503518,1234, 1252, 0, 0, 0
27,39,19.457133021205664,1160, 1245, 0, 0, 0
27,39,19.474502187222242,1189, 1242, 0, 0, 0
27,39,19.493023864924908,1305, 1244, 0, 0, 0
27,39,19.513850565999746,1327, 1248, 0, 0, 0
27,39,19.530055578798056,1236, 1252, 0, 0, 0
27,39,19.549729768186808,1159, 1245, 0, 0, 0
27,39,19.567098934203386,1188, 1241, 0, 0, 0
27,39,19.58562061190605,1300, 1244, 0, 0, 0
27,39,19.604130648076534,1328, 1251, 0, 0, 0
27,39,19.62381647899747,1241, 1252, 0, 0, 0
27,39,19.64349066838622,1183, 1249, 0, 0, 0
27,39,19.662012346088886,1159, 1243, 0, 0, 0
27,39,19.679369870573282,1298, 1243, 0, 0, 0
27,39,19.699044059962034,1332, 1248, 0, 0, 0
27,39,19.715249072760344,1245, 1252, 0, 0, 0
27,39,19.73377075046301,1159, 1245, 0, 0, 0
27,39,19.75344493985176,1181, 1242, 0, 0, 0
27,39,19.773130770772696,1240, 1241, 0, 0, 0
27,39,19.79165244847536,1324, 1250, 0, 0, 0
27,39,19.807845819741488,1205, 1251, 0, 0, 0
27,39,19.827531650662422,1169, 1246, 0, 0, 0
27,39,19.846053328365088,1171, 1243, 0, 0, 0
27,39,19.862258341163397,1315, 1246, 0, 0, 0
27,39,19.88193253055215,1309, 1251, 0, 0, 0
27,39,19.900454208254814,1206, 1251, 0, 0, 0
27,39,19.920128397643566,1171, 1247, 0, 0, 0
27,39,19.936333410441875,1212, 1241, 0, 0, 0
27,39,19.956007599830627,1321, 1246, 0, 0, 0
27,39,19.973365124315023,1313, 1251, 0, 0, 0
27,40,19.99188680201769,1170, 1247, 0, 0, 0
27,40,20.017358474433422,1242, 1252, 0, 0, 0
27,40,20.03356348723173,1160, 1243, 0, 0, 0
27,40,20.04860434681177,1330, 1247, 0, 0, 0
27,40,20.07175935432315,1315, 1247, 0, 0, 0
27,40,20.084483548998833,1214, 1250, 0, 0, 0
27,40,20.105321891605854,1171, 1246, 0, 0, 0
27,40,20.12267941609025,1205, 1241, 0, 0, 0
27,40,20.14004858210683,1329, 1250, 0, 0, 0
27,40,20.160875283181667,1323, 1250, 0, 0, 0
27,40,20.178244449198246,1245, 1251, 0, 0, 0
27,40,20.199082791805267,1186, 1249, 0, 0, 0
27,40,20.215287804603577,1243, 1241, 0, 0, 0
27,40,20.23379784077406,1317, 1246, 0, 0, 0
27,40,20.251167006790638,1274, 1252, 0, 0, 0
27,40,20.269688684493303,1195, 1249, 0, 0, 0
27,40,20.288198720663786,1158, 1243, 0, 0, 0
27,40,20.30672039836645,1239, 1241, 0, 0, 0
27,40,20.326394587755203,1326, 1248, 0, 0, 0
27,40,20.342599600553513,1248, 1252, 0, 0, 0
27,40,20.361121278256178,1160, 1246, 0, 0, 0
27,40,20.379642955958843,1181, 1242, 0, 0, 0
27,40,20.39816463366151,1291, 1244, 0, 0, 0
27,40,20.41783882305026,1331, 1250, 0, 0, 0
27,40,20.437513012439013,1313, 1251, 0, 0, 0
27,40,20.456034690141678,1210, 1251, 0, 0, 0
27,40,20.472239702939987,1170, 1243, 0, 0, 0
27,40,20.490761380642653,1261, 1243, 0, 0, 0
27,40,20.510435570031404,1330, 1249, 0, 0, 0
27,40,20.530109759420156,1299, 1251, 0, 0, 0
27,40,20.547478925436735,1190, 1249, 0, 0, 0
27,40,20.5660006031394,1160, 1244, 0, 0, 0
27,40,20.585674792528152,1231, 1241, 0, 0, 0
27,40,20.604196470230818,1328, 1247, 0, 0, 0
27,40,20.620401483029127,1243, 1252, 0, 0, 0
27,40,20.64007567241788,1194, 1249, 0, 0, 0
27,40,20.658597350120544,1160, 1245, 0, 0, 0
27,40,20.67595487460494,1297, 1243, 0, 0, 0
27,40,20.694476552307606,1328, 1251, 0, 0, 0
27,40,20.71299823001027,1245, 1251, 0, 0, 0
27,40,20.731519907712936,1162, 1246, 0, 0, 0
27,40,20.75002994388342,1182, 1242, 0, 0, 0
27,40,20.768551621586084,1294, 1244, 0, 0, 0
27,40,20.788225810974836,1324, 1248, 0, 0, 0
27,40,20.805594976991415,1249, 1252, 0, 0, 0
27,40,20.825269166380167,1188, 1250, 0, 0, 0
27,40,20.842638332396746,1182, 1242, 0, 0, 0
27,40,20.862312521785498,1235, 1241, 0, 0, 0
27,40,20.879670046269894,1326, 1250, 0, 0, 0
27,40,20.897039212286472,1253, 1252, 0, 0, 0
27,40,20.91786591336131,1190, 1250, 0, 0, 0
27,40,20.936387591063976,1159, 1243, 0, 0, 0
27,40,20.953745115548372,1290, 1244, 0, 0, 0
27,40,20.97111428156495,1326, 1250, 0, 0, 0
27,40,20.990788470953703,1256, 1252, 0, 0, 0
27,40,21.0081459954381,1163, 1246, 0, 0, 0
27,40,21.026667673140764,1183, 1242, 0, 0, 0
27,40,21.04518935084343,1285, 1244, 0, 0, 0
27,40,21.063711028546095,1328, 1250, 0, 0, 0
27,40,21.08106855303049,1191, 1249, 0, 0, 0
27,40,21.100754383951426,1162, 1246, 0, 0, 0
27,40,21.119264420121908,1184, 1242, 0, 0, 0
27,41,21.136633586138487,1323, 1247, 0, 0, 0
27,41,21.155155263841152,1299, 1251, 0, 0, 0
27,41,21.17598196491599,1248, 1252, 0, 0, 0
27,41,21.1921869777143,1159, 1243, 0, 0, 0
27,41,21.210708655416965,1227, 1242, 0, 0, 0
27,41,21.22923033311963,1328, 1247, 0, 0, 0
27,41,21.247752010822296,1304, 1252, 0, 0, 0
27,41,21.268578711897135,1249, 1252, 0, 0, 0
27,41,21.285947877913713,1165, 1246, 0, 0, 0
27,41,21.30330540239811,1225, 1242, 0, 0, 0
27,41,21.321827080100775,1326, 1247, 0, 0, 0
27,41,21.341501269489527,1325, 1250, 0, 0, 0
27,41,21.36118710041046,1254, 1252, 0, 0, 0
27,41,21.379697136580944,1162, 1247, 0, 0, 0
27,41,21.397066302597523,1178, 1242, 0, 0, 0
27,41,21.416740491986275,1286, 1243, 0, 0, 0
27,41,21.432945504784584,1297, 1251, 0, 0, 0
27,41,21.45146718248725,1201, 1249, 0, 0, 0
27,41,21.472293883562088,1163, 1246, 0, 0, 0
27,41,21.48734638467431,1231, 1240, 0, 0, 0
27,41,21.508184727281332,1283, 1244, 0, 0, 0
27,41,21.525542251765728,1299, 1251, 0, 0, 0
27,41,21.544063929468393,1193, 1249, 0, 0, 0
27,41,21.56142145395279,1177, 1242, 0, 0, 0
27,41,21.579943131655455,1256, 1242, 0, 0, 0
27,41,21.600781474262476,1304, 1245, 0, 0, 0
27,41,21.616986487060785,1283, 1251, 0, 0, 0
27,41,21.637813188135624,1219, 1251, 0, 0, 0
27,41,21.654018200933933,1163, 1242, 0, 0, 0
27,41,21.673704031854868,1254, 1242, 0, 0, 0
27,41,21.691061556339264,1328, 1250, 0, 0, 0
27,41,21.70958323404193,1284, 1252, 0, 0, 0
27,41,21.730409935116768,1224, 1252, 0, 0, 0
27,41,21.748931612819433,1161, 1245, 0, 0, 0
27,41,21.7674532905221,1197, 1241, 0, 0, 0
27,41,21.785974968224764,1310, 1244, 0, 0, 0
27,41,21.802179981023073,1287, 1252, 0, 0, 0
27,41,21.823006682097912,1227, 1252, 0, 0, 0
27,41,21.841528359800577,1159, 1245, 0, 0, 0
27,41,21.858897525817156,1262, 1241, 0, 0, 0
27,41,21.87741920351982,1322, 1246, 0, 0, 0
27,41,21.894776728004217,1255, 1252, 0, 0, 0
27,41,21.912134252488613,1167, 1246, 0, 0, 0
27,41,21.931820083409548,1176, 1242, 0, 0, 0
27,41,21.949177607893944,1285, 1243, 0, 0, 0
27,41,21.96769928559661,1329, 1250, 0, 0, 0
27,41,21.986220963299274,1257, 1252, 0, 0, 0
27,41,22.004730999469757,1168, 1246, 0, 0, 0
27,41,22.023252677172422,1174, 1242, 0, 0, 0
27,41,22.041774354875088,1283, 1243, 0, 0, 0
27,41,22.060296032577753,1331, 1250, 0, 0, 0
27,41,22.07881771028042,1260, 1252, 0, 0, 0
27,41,22.097339387983084,1166, 1246, 0, 0, 0
27,41,22.117013577371836,1174, 1242, 0, 0, 0
27,41,22.1355352550745,1280, 1243, 0, 0, 0
27,41,22.152892779558897,1331, 1250, 0, 0, 0
27,41,22.17256696894765,1264, 1252, 0, 0, 0
27,41,22.191088646650314,1166, 1246, 0, 0, 0
27,41,22.20961032435298,1180, 1242, 0, 0, 0
27,41,22.22928451374173,1219, 1241, 0, 0, 0
27,41,22.24665367975831,1329, 1249, 0, 0, 0
27,41,22.264011204242706,1268, 1252, 0, 0, 0
27,41,22.28368539363146,1168, 1247, 0, 0, 0
27,42,22.299890406429768,1221, 1242, 0, 0, 0
27,42,22.31956459581852,1274, 1244, 0, 0, 0
27,42,22.339250426739454,1331, 1250, 0, 0, 0
27,42,22.355455439537764,1202, 1250, 0, 0, 0
27,42,22.373965475708246,1158, 1244, 0, 0, 0
27,42,22.39827299490571,1163, 1246, 0, 0, 0
27,42,22.412172984331846,1270, 1243, 0, 0, 0
27,42,22.429530508816242,1308, 1251, 0, 0, 0
27,42,22.448052186518908,1205, 1249, 0, 0, 0
27,42,22.46772637590766,1169, 1247, 0, 0, 0
27,42,22.48740056529641,1175, 1242, 0, 0, 0
27,42,22.505922242999077,1267, 1243, 0, 0, 0
27,42,22.524443920701742,1330, 1250, 0, 0, 0
27,42,22.541801445186138,1263, 1252, 0, 0, 0
27,42,22.560323122888803,1164, 1247, 0, 0, 0
27,42,22.5776806473732,1212, 1241, 0, 0, 0
27,42,22.597366478294134,1277, 1243, 0, 0, 0
27,42,22.6158881559968,1330, 1250, 0, 0, 0
27,42,22.634398192167282,1264, 1252, 0, 0, 0
27,42,22.652919869869947,1166, 1247, 0, 0, 0
27,42,22.6725940592587,1178, 1242, 0, 0, 0
27,42,22.689963225275278,1276, 1242, 0, 0, 0
27,42,22.708484902977943,1329, 1249, 0, 0, 0
27,42,22.72584242746234,1214, 1250, 0, 0, 0
27,42,22.743199951946735,1157, 1245, 0, 0, 0
27,42,22.7617216296494,1219, 1241, 0, 0, 0
27,42,22.781395819038153,1317, 1246, 0, 0, 0
27,42,22.801081649959087,1330, 1250, 0, 0, 0
27,42,22.818439174443483,1215, 1250, 0, 0, 0
27,42,22.83696085214615,1155, 1244, 0, 0, 0
27,42,22.854318376630545,1274, 1242, 0, 0, 0
27,42,22.87400420755148,1292, 1245, 0, 0, 0
27,42,22.891361732035875,1290, 1251, 0, 0, 0
27,42,22.911035921424627,1184, 1249, 0, 0, 0
27,42,22.928405087441206,1158, 1244, 0, 0, 0
27,42,22.94691512361169,1214, 1240, 0, 0, 0
27,42,22.965436801314354,1330, 1249, 0, 0, 0
27,42,22.985110990703106,1284, 1252, 0, 0, 0
27,42,23.002480156719685,1170, 1247, 0, 0, 0
27,42,23.022154346108437,1159, 1245, 0, 0, 0
27,42,23.04182853549719,1187, 1241, 0, 0, 0
27,42,23.059197701513767,1300, 1244, 0, 0, 0
27,42,23.077719379216433,1286, 1251, 0, 0, 0
27,42,23.097393568605185,1211, 1251, 0, 0, 0
27,42,23.113598581403494,1162, 1244, 0, 0, 0
27,42,23.13212025910616,1235, 1241, 0, 0, 0
27,42,23.15179444849491,1299, 1244, 0, 0, 0
27,42,23.169151972979307,1288, 1251, 0, 0, 0
27,42,23.186521138995886,1160, 1246, 0, 0, 0
27,42,23.207347840070724,1156, 1245, 0, 0, 0
27,42,23.224717006087303,1275, 1242, 0, 0, 0
27,42,23.2420745305717,1328, 1251, 0, 0, 0
27,42,23.260596208274364,1267, 1251, 0, 0, 0
27,42,23.280270397663116,1167, 1247, 0, 0, 0
27,42,23.298792075365782,1158, 1244, 0, 0, 0
27,42,23.316149599850178,1274, 1242, 0, 0, 0
27,42,23.334671277552843,1331, 1249, 0, 0, 0
27,42,23.35319295525551,1272, 1252, 0, 0, 0
27,42,23.371714632958174,1169, 1247, 0, 0, 0
27,42,23.391388822346926,1166, 1242, 0, 0, 0
27,42,23.40874634683132,1269, 1241, 0, 0, 0
27,42,23.429584689438343,1320, 1246, 0, 0, 0
27,43,23.44810636714101,1313, 1251, 0, 0, 0
27,43,23.465463891625404,1170, 1247, 0, 0, 0
27,43,23.48514972254634,1157, 1244, 0, 0, 0
27,43,23.502507247030735,1267, 1242, 0, 0, 0
27,43,23.518712259829044,1330, 1249, 0, 0, 0
27,43,23.53723393753171,1222, 1251, 0, 0, 0
27,43,23.555755615234375,1157, 1245, 0, 0, 0
27,43,23.574265651404858,1209, 1241, 0, 0, 0
27,43,23.59510399401188,1233, 1241, 0, 0, 0
27,43,23.61130900681019,1328, 1250, 0, 0, 0
27,43,23.629830684512854,1239, 1252, 0, 0, 0
27,43,23.64835236221552,1161, 1246, 0, 0, 0
27,43,23.666874039918184,1186, 1242, 0, 0, 0
27,43,23.686548229306936,1298, 1243, 0, 0, 0
27,43,23.703905753791332,1327, 1251, 0, 0, 0
27,43,23.722427431493998,1244, 1252, 0, 0, 0
27,43,23.740949109196663,1160, 1245, 0, 0, 0
27,43,23.75947078689933,1184, 1242, 0, 0, 0
27,43,23.77798082306981,1295, 1243, 0, 0, 0
27,43,23.796502500772476,1329, 1250, 0, 0, 0
27,43,23.81502417847514,1246, 1251, 0, 0, 0
27,43,23.833545856177807,1161, 1246, 0, 0, 0
27,43,23.85322004556656,1190, 1242, 0, 0, 0
27,43,23.870589211583138,1293, 1243, 0, 0, 0
27,43,23.88909924775362,1329, 1250, 0, 0, 0
27,43,23.907620925456285,1253, 1252, 0, 0, 0
27,43,23.92614260315895,1161, 1246, 0, 0, 0
27,43,23.944664280861616,1187, 1242, 0, 0, 0
27,43,23.962021805346012,1325, 1248, 0, 0, 0
27,43,23.981695994734764,1327, 1251, 0, 0, 0
27,43,24.0013818256557,1253, 1251, 0, 0, 0
27,43,24.017586838454008,1158, 1243, 0, 0, 0
27,43,24.03726102784276,1185, 1242, 0, 0, 0
27,43,24.055782705545425,1287, 1244, 0, 0, 0
27,43,24.07430438324809,1326, 1249, 0, 0, 0
27,43,24.093978572636843,1241, 1251, 0, 0, 0
27,43,24.11133609712124,1163, 1246, 0, 0, 0
27,43,24.13217443972826,1159, 1244, 0, 0, 0
27,43,24.14837945252657,1284, 1244, 0, 0, 0
27,43,24.166901130229235,1328, 1250, 0, 0, 0
27,43,24.185411166399717,1244, 1252, 0, 0, 0
27,43,24.205096997320652,1165, 1246, 0, 0, 0
27,43,24.22130201011896,1231, 1241, 0, 0, 0
27,43,24.239823687821627,1327, 1247, 0, 0, 0
27,43,24.260650388896465,1327, 1250, 0, 0, 0
27,43,24.278019554913044,1249, 1251, 0, 0, 0
27,43,24.296529591083527,1160, 1246, 0, 0, 0
27,43,24.312734603881836,1283, 1243, 0, 0, 0
27,43,24.333572946488857,1312, 1245, 0, 0, 0
27,43,24.350930470973253,1273, 1251, 0, 0, 0
27,43,24.36945214867592,1198, 1249, 0, 0, 0
27,43,24.387973826378584,1158, 1244, 0, 0, 0
27,43,24.407648015767336,1178, 1242, 0, 0, 0
27,43,24.425017181783915,1325, 1247, 0, 0, 0
27,43,24.444691371172667,1327, 1250, 0, 0, 0
27,43,24.463213048875332,1203, 1249, 0, 0, 0
27,43,24.480570573359728,1165, 1242, 0, 0, 0
27,43,24.499092251062393,1234, 1241, 0, 0, 0
27,43,24.51644977554679,1329, 1250, 0, 0, 0
27,43,24.534971453249454,1253, 1252, 0, 0, 0
27,43,24.554645642638206,1173, 1248, 0, 0, 0
27,43,24.572014808654785,1178, 1243, 0, 0, 0
27,43,24.591688998043537,1257, 1241, 0, 0, 0
27,44,24.610210675746202,1328, 1247, 0, 0, 0
27,44,24.6275682002306,1257, 1252, 0, 0, 0
27,44,24.646089877933264,1194, 1250, 0, 0, 0
27,44,24.666928220540285,1159, 1244, 0, 0, 0
27,44,24.683133233338594,1282, 1244, 0, 0, 0
27,44,24.70049075782299,1318, 1251, 0, 0, 0
27,44,24.72132910043001,1283, 1252, 0, 0, 0
27,44,24.738686624914408,1177, 1247, 0, 0, 0
27,44,24.75836081430316,1162, 1243, 0, 0, 0
27,44,24.776882492005825,1224, 1241, 0, 0, 0
27,44,24.793087504804134,1329, 1250, 0, 0, 0
27,44,24.812761694192886,1305, 1251, 0, 0, 0
27,44,24.83128337189555,1164, 1246, 0, 0, 0
27,44,24.850969202816486,1159, 1244, 0, 0, 0
27,44,24.867174215614796,1277, 1243, 0, 0, 0
27,44,24.886848405003548,1327, 1250, 0, 0, 0
27,44,24.9065225943923,1305, 1251, 0, 0, 0
27,44,24.923880118876696,1167, 1246, 0, 0, 0
27,44,24.94240179657936,1179, 1242, 0, 0, 0
27,44,24.960923474282026,1274, 1243, 0, 0, 0
27,44,24.97944515198469,1329, 1251, 0, 0, 0
27,44,24.996802676469088,1255, 1251, 0, 0, 0
27,44,25.01764101907611,1205, 1250, 0, 0, 0
27,44,25.03384603187442,1176, 1242, 0, 0, 0
27,44,25.05352022126317,1283, 1243, 0, 0, 0
27,44,25.073194410651922,1318, 1247, 0, 0, 0
27,44,25.08939942345023,1258, 1252, 0, 0, 0
27,44,25.10676858946681,1159, 1244, 0, 0, 0
27,44,25.12759529054165,1172, 1241, 0, 0, 0
27,44,25.144964456558228,1281, 1243, 0, 0, 0
27,44,25.16463864594698,1328, 1250, 0, 0, 0
27,44,25.181996170431376,1261, 1252, 0, 0, 0
27,44,25.199365336447954,1157, 1244, 0, 0, 0
27,44,25.220192037522793,1162, 1243, 0, 0, 0
27,44,25.23756120353937,1302, 1245, 0, 0, 0
27,44,25.257235392928123,1332, 1248, 0, 0, 0
27,44,25.274604558944702,1238, 1251, 0, 0, 0
27,44,25.293114595115185,1159, 1245, 0, 0, 0
27,44,25.31163627281785,1198, 1241, 0, 0, 0
27,44,25.32900543883443,1299, 1245, 0, 0, 0
27,44,25.349832139909267,1331, 1248, 0, 0, 0
27,44,25.367201305925846,1228, 1251, 0, 0, 0
27,44,25.386875495314598,1181, 1249, 0, 0, 0
27,44,25.405397173017263,1163, 1243, 0, 0, 0
27,44,25.423907209187746,1243, 1241, 0, 0, 0
27,44,25.44242888689041,1328, 1248, 0, 0, 0
27,44,25.460950564593077,1282, 1251, 0, 0, 0
27,44,25.478319730609655,1157, 1245, 0, 0, 0
27,44,25.494524743407965,1244, 1242, 0, 0, 0
27,44,25.515351444482803,1305, 1244, 0, 0, 0
27,44,25.532720610499382,1324, 1252, 0, 0, 0
27,44,25.551230646669865,1234, 1252, 0, 0, 0
27,44,25.568599812686443,1164, 1243, 0, 0, 0
27,44,25.588274002075195,1189, 1240, 0, 0, 0
27,44,25.60563152655959,1330, 1249, 0, 0, 0
27,44,25.625317357480526,1283, 1251, 0, 0, 0
27,44,25.644991546869278,1264, 1252, 0, 0, 0
27,44,25.662349071353674,1160, 1244, 0, 0, 0
27,44,25.68203490227461,1171, 1242, 0, 0, 0
27,44,25.698239915072918,1319, 1246, 0, 0, 0
27,44,25.71791410446167,1302, 1251, 0, 0, 0
27,44,25.737588293850422,1266, 1252, 0, 0, 0
27,44,25.754945818334818,1159, 1244, 0, 0, 0
27,45,25.773467496037483,1251, 1242, 0, 0, 0
27,45,25.79198917374015,1317, 1246, 0, 0, 0
27,45,25.8116633631289,1304, 1251, 0, 0, 0
27,45,25.82903252914548,1227, 1252, 0, 0, 0
27,45,25.846390053629875,1162, 1243, 0, 0, 0
27,45,25.866064243018627,1244, 1241, 0, 0, 0
27,45,25.883433409035206,1329, 1250, 0, 0, 0
27,45,25.90195508673787,1290, 1252, 0, 0, 0
27,45,25.920465122908354,1182, 1249, 0, 0, 0
27,45,25.94015095382929,1160, 1243, 0, 0, 0
27,45,25.957508478313684,1272, 1242, 0, 0, 0
27,45,25.97603015601635,1332, 1248, 0, 0, 0
27,45,25.993387680500746,1231, 1251, 0, 0, 0
27,45,26.01307351142168,1167, 1246, 0, 0, 0
27,45,26.031583547592163,1162, 1243, 0, 0, 0
27,45,26.04895271360874,1294, 1244, 0, 0, 0
27,45,26.067462749779224,1326, 1251, 0, 0, 0
27,45,26.08598442748189,1262, 1252, 0, 0, 0
27,45,26.104506105184555,1169, 1247, 0, 0, 0
27,45,26.125344447791576,1158, 1245, 0, 0, 0
27,45,26.14386612549424,1210, 1241, 0, 0, 0
27,45,26.16007113829255,1331, 1250, 0, 0, 0
27,45,26.18206199258566,1305, 1251, 0, 0, 0
27,45,26.199419517070055,1190, 1248, 0, 0, 0
27,45,26.219093706458807,1158, 1245, 0, 0, 0
27,45,26.236462872475386,1247, 1241, 0, 0, 0
27,45,26.252667885273695,1330, 1249, 0, 0, 0
27,45,26.27118956297636,1266, 1252, 0, 0, 0
27,45,26.2920162640512,1217, 1250, 0, 0, 0
27,45,26.309385430067778,1170, 1242, 0, 0, 0
27,45,26.325590442866087,1316, 1246, 0, 0, 0
27,45,26.34410047903657,1316, 1251, 0, 0, 0
27,45,26.36493882164359,1268, 1252, 0, 0, 0
27,45,26.3811438344419,1157, 1245, 0, 0, 0
27,45,26.400818023830652,1170, 1242, 0, 0, 0
27,45,26.420503854751587,1271, 1243, 0, 0, 0
27,45,26.437861379235983,1330, 1249, 0, 0, 0
27,45,26.45638305693865,1271, 1252, 0, 0, 0
27,45,26.473740581423044,1160, 1244, 0, 0, 0
27,45,26.494578924030066,1167, 1242, 0, 0, 0
27,45,26.510783936828375,1314, 1246, 0, 0, 0
27,45,26.531610637903214,1331, 1248, 0, 0, 0
27,45,26.55013231560588,1262, 1251, 0, 0, 0
27,45,26.568653993308544,1172, 1247, 0, 0, 0
27,45,26.58717567101121,1172, 1243, 0, 0, 0
27,45,26.604533195495605,1263, 1243, 0, 0, 0
27,45,26.62421902641654,1330, 1250, 0, 0, 0
27,45,26.64042403921485,1240, 1252, 0, 0, 0
27,45,26.6600982286036,1160, 1245, 0, 0, 0
27,45,26.677455753087997,1185, 1242, 0, 0, 0
27,45,26.694824919104576,1330, 1247, 0, 0, 0
27,45,26.715651620179415,1326, 1251, 0, 0, 0
27,45,26.731856632977724,1190, 1249, 0, 0, 0
27,45,26.75037831068039,1160, 1244, 0, 0, 0
27,45,26.77005250006914,1186, 1242, 0, 0, 0
27,45,26.78742166608572,1329, 1248, 0, 0, 0
27,45,26.80824836716056,1326, 1250, 0, 0, 0
27,45,26.825617533177137,1244, 1252, 0, 0, 0
27,45,26.844139210879803,1158, 1245, 0, 0, 0
27,45,26.8614967353642,1242, 1241, 0, 0, 0
27,45,26.88233507797122,1294, 1243, 0, 0, 0
27,45,26.900845114141703,1325, 1250, 0, 0, 0
27,45,26.91821428015828,1248, 1251, 0, 0, 0
27,46,26.936735957860947,1159, 1246, 0, 0, 0
27,46,26.954093482345343,1241, 1241, 0, 0, 0
27,46,26.973767671734095,1290, 1244, 0, 0, 0
27,46,26.993441861122847,1324, 1250, 0, 0, 0
27,46,27.010811027139425,1235, 1251, 0, 0, 0
27,46,27.02933270484209,1161, 1246, 0, 0, 0
27,46,27.049006894230843,1186, 1242, 0, 0, 0
27,46,27.065211907029152,1326, 1247, 0, 0, 0
27,46,27.083733584731817,1297, 1251, 0, 0, 0
27,46,27.102255262434483,1188, 1249, 0, 0, 0
27,46,27.12886780500412,1290, 1251, 0, 0, 0
27,46,27.138134464621544,1234, 1242, 0, 0, 0
27,46,27.15665614232421,1323, 1246, 0, 0, 0
27,46,27.17633033171296,1298, 1252, 0, 0, 0
27,46,27.194852009415627,1192, 1249, 0, 0, 0
27,46,27.212209533900023,1160, 1244, 0, 0, 0
27,46,27.230731211602688,1229, 1241, 0, 0, 0
27,46,27.249252889305353,1329, 1250, 0, 0, 0
27,46,27.26777456700802,1282, 1252, 0, 0, 0
27,46,27.2862846031785,1174, 1247, 0, 0, 0
27,46,27.305970434099436,1168, 1242, 0, 0, 0
27,46,27.323327958583832,1285, 1244, 0, 0, 0
27,46,27.343002147972584,1331, 1249, 0, 0, 0
27,46,27.36152382567525,1293, 1251, 0, 0, 0
27,46,27.381198015064,1196, 1249, 0, 0, 0
27,46,27.399719692766666,1158, 1245, 0, 0, 0
27,46,27.41824137046933,1199, 1241, 0, 0, 0
27,46,27.43444638326764,1331, 1249, 0, 0, 0
27,46,27.452968060970306,1276, 1252, 0, 0, 0
27,46,27.47264225035906,1177, 1247, 0, 0, 0
27,46,27.49231643974781,1161, 1246, 0, 0, 0
27,46,27.50852145254612,1290, 1243, 0, 0, 0
27,46,27.5258906185627,1319, 1252, 0, 0, 0
27,46,27.54556480795145,1252, 1252, 0, 0, 0
27,46,27.562922332435846,1162, 1246, 0, 0, 0
27,46,27.5825965218246,1176, 1242, 0, 0, 0
27,46,27.601118199527264,1286, 1243, 0, 0, 0
27,46,27.618487365543842,1328, 1250, 0, 0, 0
27,46,27.63931406661868,1300, 1251, 0, 0, 0
27,46,27.65668323263526,1163, 1246, 0, 0, 0
27,46,27.675204910337925,1177, 1242, 0, 0, 0
27,46,27.69256243482232,1284, 1243, 0, 0, 0
27,46,27.711084112524986,1328, 1249, 0, 0, 0
27,46,27.73075830191374,1245, 1251, 0, 0, 0
27,46,27.749279979616404,1174, 1248, 0, 0, 0
27,46,27.768954169005156,1167, 1243, 0, 0, 0
27,46,27.78747584670782,1253, 1242, 0, 0, 0
27,46,27.804833371192217,1332, 1248, 0, 0, 0
27,46,27.823355048894882,1284, 1252, 0, 0, 0
27,46,27.841876726597548,1176, 1247, 0, 0, 0
27,46,27.8615509159863,1165, 1243, 0, 0, 0
27,46,27.878920082002878,1290, 1243, 0, 0, 0
27,46,27.89859427139163,1325, 1247, 0, 0, 0
27,46,27.91943261399865,1329, 1250, 0, 0, 0
27,46,27.935625985264778,1202, 1250, 0, 0, 0
27,46,27.954147662967443,1159, 1244, 0, 0, 0
27,46,27.970352675765753,1288, 1242, 0, 0, 0
27,46,27.990026865154505,1331, 1250, 0, 0, 0
27,46,28.00854854285717,1254, 1253, 0, 0, 0
27,46,28.02591770887375,1166, 1246, 0, 0, 0
27,46,28.043275233358145,1218, 1241, 0, 0, 0
27,46,28.06179691106081,1325, 1246, 0, 0, 0
27,47,28.080318588763475,1299, 1251, 0, 0, 0
27,47,28.099992778152227,1257, 1251, 0, 0, 0
27,47,28.118514455854893,1163, 1246, 0, 0, 0
27,47,28.13587198033929,1215, 1241, 0, 0, 0
27,47,28.15554616972804,1283, 1243, 0, 0, 0
27,47,28.175232000648975,1329, 1250, 0, 0, 0
27,47,28.193742036819458,1260, 1252, 0, 0, 0
27,47,28.211111202836037,1164, 1246, 0, 0, 0
27,47,28.23078539222479,1181, 1242, 0, 0, 0
27,47,28.248154558241367,1276, 1243, 0, 0, 0
27,47,28.26666459441185,1328, 1249, 0, 0, 0
27,47,28.285186272114515,1263, 1252, 0, 0, 0
27,47,28.302555438131094,1157, 1243, 0, 0, 0
27,47,28.321065474301577,1225, 1241, 0, 0, 0
27,47,28.339587152004242,1320, 1246, 0, 0, 0
27,47,28.35695631802082,1304, 1251, 0, 0, 0
27,47,28.37894717231393,1251, 1251, 0, 0, 0
27,47,28.39745720848441,1165, 1246, 0, 0, 0
27,47,28.41482637450099,1178, 1242, 0, 0, 0
27,47,28.433348052203655,1286, 1242, 0, 0, 0
27,47,28.45070557668805,1306, 1251, 0, 0, 0
27,47,28.46807474270463,1202, 1249, 0, 0, 0
27,47,28.487748932093382,1158, 1244, 0, 0, 0
27,47,28.505106456577778,1218, 1241, 0, 0, 0
27,47,28.5259447991848,1321, 1245, 0, 0, 0
27,47,28.54214981198311,1289, 1251, 0, 0, 0
27,47,28.560671489685774,1182, 1249, 0, 0, 0
27,47,28.581498190760612,1159, 1245, 0, 0, 0
27,47,28.59886735677719,1191, 1241, 0, 0, 0
27,47,28.617377392947674,1304, 1245, 0, 0, 0
27,47,28.63589907065034,1280, 1251, 0, 0, 0
27,47,28.654420748353004,1207, 1249, 0, 0, 0
27,47,28.674094937741756,1164, 1246, 0, 0, 0
27,47,28.691464103758335,1211, 1241, 0, 0, 0
27,47,28.709985781461,1320, 1246, 0, 0, 0
27,47,28.729659970849752,1304, 1251, 0, 0, 0
27,47,28.750498313456774,1287, 1252, 0, 0, 0
27,47,28.766703326255083,1161, 1246, 0, 0, 0
27,47,28.781744185835123,1304, 1244, 0, 0, 0
27,47,28.802582528442144,1318, 1247, 0, 0, 0
27,47,28.821092564612627,1306, 1251, 0, 0, 0
27,47,28.838461730629206,1201, 1250, 0, 0, 0
27,47,28.8558192551136,1171, 1242, 0, 0, 0
27,47,28.876657597720623,1217, 1241, 0, 0, 0
27,47,28.89517927542329,1323, 1246, 0, 0, 0
27,47,28.912536799907684,1267, 1252, 0, 0, 0
27,47,28.932210989296436,1180, 1248, 0, 0, 0
27,47,28.9507326669991,1157, 1244, 0, 0, 0
27,47,28.96810183301568,1271, 1242, 0, 0, 0
27,47,28.985459357500076,1323, 1251, 0, 0, 0
27,47,29.00398103520274,1271, 1252, 0, 0, 0
27,47,29.022502712905407,1168, 1246, 0, 0, 0
27,47,29.04101274907589,1175, 1242, 0, 0, 0
27,47,29.060698579996824,1282, 1243, 0, 0, 0
27,47,29.07805610448122,1331, 1249, 0, 0, 0
27,47,29.097730293869972,1261, 1252, 0, 0, 0
27,47,29.117416124790907,1208, 1249, 0, 0, 0
27,47,29.134773649275303,1173, 1242, 0, 0, 0
27,47,29.153295326977968,1279, 1242, 0, 0, 0
27,47,29.171817004680634,1331, 1248, 0, 0, 0
27,47,29.1903386823833,1304, 1252, 0, 0, 0
27,47,29.20884871855378,1174, 1247, 0, 0, 0
27,47,29.22621788457036,1189, 1242, 0, 0, 0
27,48,29.244727920740843,1301, 1244, 0, 0, 0
27,48,29.26209708675742,1319, 1251, 0, 0, 0
27,48,29.281771276146173,1238, 1252, 0, 0, 0
27,48,29.299140442162752,1161, 1246, 0, 0, 0
27,48,29.317650478333235,1182, 1241, 0, 0, 0
27,48,29.3361721560359,1297, 1244, 0, 0, 0
27,48,29.355846345424652,1323, 1251, 0, 0, 0
27,48,29.37321551144123,1243, 1251, 0, 0, 0
27,48,29.391737189143896,1159, 1246, 0, 0, 0
27,48,29.411411378532648,1184, 1242, 0, 0, 0
27,48,29.428768903017044,1297, 1244, 0, 0, 0
27,48,29.44729058071971,1324, 1250, 0, 0, 0
27,48,29.465812258422375,1246, 1252, 0, 0, 0
27,48,29.486650601029396,1183, 1250, 0, 0, 0
27,48,29.50516063719988,1158, 1244, 0, 0, 0
27,48,29.521365649998188,1294, 1244, 0, 0, 0
27,48,29.541051480919123,1325, 1251, 0, 0, 0
27,48,29.560725670307875,1297, 1252, 0, 0, 0
27,48,29.57808319479227,1160, 1245, 0, 0, 0
27,48,29.59428820759058,1240, 1241, 0, 0, 0
27,48,29.613962396979332,1300, 1243, 0, 0, 0
27,48,29.633648227900267,1328, 1246, 0, 0, 0
27,48,29.651005752384663,1238, 1252, 0, 0, 0
27,48,29.670679941773415,1161, 1245, 0, 0, 0
27,48,29.688049107789993,1186, 1242, 0, 0, 0
27,48,29.70540663227439,1330, 1247, 0, 0, 0
27,48,29.72508082166314,1325, 1250, 0, 0, 0
27,48,29.74244998767972,1188, 1248, 0, 0, 0
27,48,29.760971665382385,1161, 1244, 0, 0, 0
27,48,29.781798366457224,1184, 1242, 0, 0, 0
27,48,29.799167532473803,1297, 1243, 0, 0, 0
27,48,29.817689210176468,1330, 1251, 0, 0, 0
27,48,29.835046734660864,1192, 1249, 0, 0, 0
27,48,29.854720924049616,1160, 1245, 0, 0, 0
27,48,29.874395113438368,1183, 1242, 0, 0, 0
27,48,29.891764279454947,1294, 1243, 0, 0, 0
27,48,29.9114384688437,1328, 1250, 0, 0, 0
27,48,29.928795993328094,1247, 1251, 0, 0, 0
27,48,29.946165159344673,1160, 1244, 0, 0, 0
27,48,29.96468683704734,1241, 1241, 0, 0, 0
27,48,29.98436102643609,1290, 1243, 0, 0, 0
27,48,30.001718550920486,1294, 1251, 0, 0, 0
27,48,30.02140438184142,1252, 1252, 0, 0, 0
27,48,30.037597753107548,1159, 1243, 0, 0, 0
27,48,30.057283584028482,1236, 1241, 0, 0, 0
27,48,30.075805261731148,1331, 1247, 0, 0, 0
27,48,30.09431529790163,1296, 1251, 0, 0, 0
27,48,30.112836975604296,1187, 1249, 0, 0, 0
27,48,30.132511164993048,1162, 1245, 0, 0, 0
27,48,30.148716177791357,1288, 1244, 0, 0, 0
27,48,30.167237855494022,1331, 1248, 0, 0, 0
27,48,30.185759533196688,1280, 1252, 0, 0, 0
27,48,30.204281210899353,1174, 1247, 0, 0, 0
27,48,30.22280288860202,1169, 1242, 0, 0, 0
27,48,30.24247707799077,1257, 1242, 0, 0, 0
27,48,30.260998755693436,1327, 1247, 0, 0, 0
27,48,30.27835628017783,1244, 1252, 0, 0, 0
27,48,30.298030469566584,1175, 1247, 0, 0, 0
27,48,30.31655214726925,1167, 1242, 0, 0, 0
27,48,30.333921313285828,1295, 1243, 0, 0, 0
27,48,30.35243134945631,1327, 1250, 0, 0, 0
27,48,30.370953027158976,1274, 1252, 0, 0, 0
27,49,30.392943881452084,1221, 1251, 0, 0, 0
27,49,30.409148894250393,1168, 1242, 0, 0, 0
27,49,30.42767057195306,1236, 1241, 0, 0, 0
27,49,30.446192249655724,1326, 1247, 0, 0, 0
27,49,30.462397262454033,1249, 1251, 0, 0, 0
27,49,30.48438811674714,1200, 1249, 0, 0, 0
27,49,30.50059312954545,1159, 1245, 0, 0, 0
27,49,30.520267318934202,1233, 1240, 0, 0, 0
27,49,30.538788996636868,1326, 1247, 0, 0, 0
27,49,30.557310674339533,1299, 1252, 0, 0, 0
27,49,30.57466819882393,1161, 1246, 0, 0, 0
27,49,30.59434238821268,1157, 1244, 0, 0, 0
27,49,30.612864065915346,1231, 1240, 0, 0, 0
27,49,30.629069078713655,1328, 1250, 0, 0, 0
27,49,30.64759075641632,1255, 1252, 0, 0, 0
27,49,30.666112434118986,1162, 1245, 0, 0, 0
27,49,30.685786623507738,1182, 1241, 0, 0, 0
27,49,30.703155789524317,1283, 1243, 0, 0, 0
27,49,30.7216658256948,1329, 1250, 0, 0, 0
27,49,30.740187503397465,1259, 1251, 0, 0, 0
27,49,30.759861692786217,1165, 1246, 0, 0, 0
27,49,30.777230858802795,1173, 1242, 0, 0, 0
27,49,30.796905048191547,1279, 1243, 0, 0, 0
27,49,30.8165792375803,1324, 1246, 0, 0, 0
27,49,30.831631738692522,1197, 1250, 0, 0, 0
27,49,30.852470081299543,1164, 1246, 0, 0, 0
27,49,30.870980117470026,1178, 1241, 0, 0, 0
27,49,30.88950179517269,1277, 1243, 0, 0, 0
27,49,30.90687096118927,1328, 1250, 0, 0, 0
27,49,30.925380997359753,1253, 1251, 0, 0, 0
27,49,30.943902675062418,1161, 1246, 0, 0, 0
27,49,30.962424352765083,1178, 1242, 0, 0, 0
27,49,30.98094603046775,1287, 1243, 0, 0, 0
27,49,31.008722726255655,1179, 1242, 0, 0, 0
27,49,31.017977744340897,1258, 1251, 0, 0, 0
27,49,31.036499422043562,1162, 1246, 0, 0, 0
27,49,31.055021099746227,1174, 1241, 0, 0, 0
27,49,31.072390265762806,1323, 1247, 0, 0, 0
27,49,31.09090030193329,1300, 1251, 0, 0, 0
27,49,31.110586132854223,1260, 1252, 0, 0, 0
27,49,31.129096169024706,1163, 1246, 0, 0, 0
27,49,31.14761784672737,1174, 1241, 0, 0, 0
27,49,31.16498701274395,1323, 1246, 0, 0, 0
27,49,31.183497048914433,1302, 1251, 0, 0, 0
27,49,31.202018726617098,1208, 1249, 0, 0, 0
27,49,31.220540404319763,1158, 1244, 0, 0, 0
27,49,31.23789792880416,1224, 1240, 0, 0, 0
27,49,31.257583759725094,1327, 1247, 0, 0, 0
27,49,31.27494128420949,1305, 1251, 0, 0, 0
27,49,31.294615473598242,1209, 1249, 0, 0, 0
27,49,31.313137151300907,1158, 1244, 0, 0, 0
27,49,31.336292158812284,1160, 1245, 0, 0, 0
27,49,31.350180506706238,1299, 1245, 0, 0, 0
27,49,31.36985469609499,1321, 1251, 0, 0, 0
27,49,31.387212220579386,1226, 1252, 0, 0, 0
27,49,31.40573389828205,1160, 1245, 0, 0, 0
27,49,31.424255575984716,1194, 1241, 0, 0, 0
27,49,31.44392976537347,1297, 1244, 0, 0, 0
27,49,31.460134778171778,1278, 1252, 0, 0, 0
27,49,31.479820609092712,1182, 1248, 0, 0, 0
27,49,31.49717813357711,1158, 1244, 0, 0, 0
27,49,31.51685232296586,1217, 1242, 0, 0, 0
27,49,31.53422148898244,1321, 1246, 0, 0, 0
27,50,31.55273152515292,1257, 1251, 0, 0, 0
27,50,31.572417356073856,1233, 1251, 0, 0, 0
27,50,31.59092739224434,1160, 1245, 0, 0, 0
27,50,31.609449069947004,1241, 1242, 0, 0, 0
27,50,31.626818235963583,1330, 1249, 0, 0, 0
27,50,31.64764493703842,1320, 1250, 0, 0, 0
27,50,31.665014103055,1235, 1252, 0, 0, 0
27,50,31.684688292443752,1159, 1244, 0, 0, 0
27,50,31.70204581692815,1251, 1241, 0, 0, 0
27,50,31.720567494630814,1318, 1246, 0, 0, 0
27,50,31.73908917233348,1304, 1251, 0, 0, 0
27,50,31.757610850036144,1212, 1250, 0, 0, 0
27,50,31.77613252773881,1157, 1244, 0, 0, 0
27,50,31.793490052223206,1278, 1243, 0, 0, 0
27,50,31.81201172992587,1330, 1248, 0, 0, 0
27,50,31.829369254410267,1241, 1252, 0, 0, 0
27,50,31.850207597017288,1180, 1248, 0, 0, 0
27,50,31.867565121501684,1169, 1242, 0, 0, 0
27,50,31.88725095242262,1243, 1241, 0, 0, 0
27,50,31.904608476907015,1331, 1249, 0, 0, 0
27,50,31.92313015460968,1268, 1252, 0, 0, 0
27,50,31.941651832312346,1183, 1249, 0, 0, 0
27,50,31.95900935679674,1195, 1241, 0, 0, 0
27,50,31.977531034499407,1294, 1244, 0, 0, 0
27,50,31.998357735574245,1332, 1248, 0, 0, 0
27,50,32.015726901590824,1294, 1251, 0, 0, 0
27,50,32.035401090979576,1184, 1249, 0, 0, 0
27,50,32.051606103777885,1190, 1242, 0, 0, 0
27,50,32.07012778148055,1293, 1244, 0, 0, 0
27,50,32.08748530596495,1326, 1251, 0, 0, 0
27,50,32.10600698366761,1235, 1252, 0, 0, 0
27,50,32.12452866137028,1160, 1245, 0, 0, 0
27,50,32.1453670039773,1161, 1244, 0, 0, 0
27,50,32.162724528461695,1287, 1243, 0, 0, 0
27,50,32.18239871785045,1331, 1250, 0, 0, 0
27,50,32.198603730648756,1210, 1250, 0, 0, 0
27,50,32.21944207325578,1172, 1247, 0, 0, 0
27,50,32.23564708605409,1210, 1240, 0, 0, 0
27,50,32.25532127544284,1273, 1243, 0, 0, 0
27,50,32.27499546483159,1331, 1249, 0, 0, 0
27,50,32.2912004776299,1216, 1251, 0, 0, 0
27,50,32.310886308550835,1174, 1247, 0, 0, 0
27,50,32.32939634472132,1168, 1243, 0, 0, 0
27,50,32.34791802242398,1270, 1242, 0, 0, 0
27,50,32.36643970012665,1330, 1249, 0, 0, 0
27,50,32.383797224611044,1218, 1250, 0, 0, 0
27,50,32.40348305553198,1167, 1247, 0, 0, 0
27,50,32.42199309170246,1166, 1242, 0, 0, 0
27,50,32.44051476940513,1266, 1243, 0, 0, 0
27,50,32.457883935421705,1310, 1251, 0, 0, 0
27,50,32.47640561312437,1221, 1250, 0, 0, 0
27,50,32.49607980251312,1169, 1247, 0, 0, 0
27,50,32.51228481531143,1213, 1241, 0, 0, 0
27,50,32.53311151638627,1263, 1243, 0, 0, 0
27,50,32.55048068240285,1312, 1251, 0, 0, 0
27,50,32.569002360105515,1208, 1250, 0, 0, 0
27,50,32.58867654949427,1173, 1247, 0, 0, 0
27,50,32.60719822719693,1169, 1242, 0, 0, 0
27,50,32.625708263367414,1261, 1242, 0, 0, 0
27,50,32.64422994107008,1332, 1249, 0, 0, 0
27,50,32.66159910708666,1214, 1251, 0, 0, 0
27,50,32.68127329647541,1172, 1247, 0, 0, 0
27,50,32.699794974178076,1167, 1242, 0, 0, 0
27,51,32.71831665188074,1270, 1242, 0, 0, 0
27,51,32.736826688051224,1330, 1249, 0, 0, 0
27,51,32.75534836575389,1271, 1251, 0, 0, 0
27,51,32.778503373265266,1275, 1251, 0, 0, 0
27,51,32.79122756794095,1204, 1242, 0, 0, 0
27,51,32.810913398861885,1268, 1242, 0, 0, 0
27,51,32.82827092334628,1318, 1251, 0, 0, 0
27,51,32.84794511273503,1273, 1251, 0, 0, 0
27,51,32.8664667904377,1170, 1247, 0, 0, 0
27,51,32.88267180323601,1200, 1241, 0, 0, 0
27,51,32.90234599262476,1312, 1244, 0, 0, 0
27,51,32.91971515864134,1311, 1251, 0, 0, 0
27,51,32.93938934803009,1223, 1250, 0, 0, 0
27,51,32.956746872514486,1158, 1244, 0, 0, 0
27,51,32.97526855021715,1266, 1242, 0, 0, 0
27,51,32.99379022791982,1326, 1247, 0, 0, 0
27,51,33.01231190562248,1297, 1251, 0, 0, 0
27,51,33.02966943010688,1189, 1249, 0, 0, 0
27,51,33.04934361949563,1158, 1243, 0, 0, 0
27,51,33.06671278551221,1233, 1241, 0, 0, 0
27,51,33.085234463214874,1327, 1250, 0, 0, 0
27,51,33.10375614091754,1279, 1252, 0, 0, 0
27,51,33.12226617708802,1172, 1248, 0, 0, 0
27,51,33.14078785479069,1164, 1242, 0, 0, 0
27,51,33.16162619739771,1203, 1241, 0, 0, 0
27,51,33.17783121019602,1331, 1249, 0, 0, 0
27,51,33.19750539958477,1318, 1251, 0, 0, 0
27,51,33.214862924069166,1173, 1248, 0, 0, 0
27,51,33.23338460177183,1168, 1242, 0, 0, 0
27,51,33.2519062794745,1253, 1242, 0, 0, 0
27,51,33.27042795717716,1331, 1249, 0, 0, 0
27,51,33.28894963487983,1285, 1252, 0, 0, 0
27,51,33.30747131258249,1175, 1247, 0, 0, 0
27,51,33.32482883706689,1201, 1240, 0, 0, 0
27,51,33.343350514769554,1303, 1245, 0, 0, 0
27,51,33.36187219247222,1330, 1250, 0, 0, 0
27,51,33.3803822286427,1250, 1252, 0, 0, 0
27,51,33.39890390634537,1165, 1246, 0, 0, 0
27,51,33.420894760638475,1162, 1246, 0, 0, 0
27,51,33.4359472617507,1292, 1242, 0, 0, 0
27,51,33.45562145113945,1330, 1249, 0, 0, 0
27,51,33.472978975623846,1254, 1252, 0, 0, 0
27,51,33.49150065332651,1165, 1246, 0, 0, 0
27,51,33.51002233102918,1176, 1242, 0, 0, 0
27,51,33.52854400873184,1285, 1242, 0, 0, 0
27,51,33.55168737471104,1281, 1243, 0, 0, 0
27,51,33.567892387509346,1301, 1251, 0, 0, 0
27,51,33.58641406521201,1194, 1249, 0, 0, 0
27,51,33.60493574291468,1157, 1244, 0, 0, 0
27,51,33.622304908931255,1282, 1243, 0, 0, 0
27,51,33.64197909832001,1322, 1247, 0, 0, 0
27,51,33.6593366228044,1261, 1252, 0, 0, 0
27,51,33.67785830050707,1164, 1247, 0, 0, 0
27,51,33.696379978209734,1172, 1242, 0, 0, 0
27,51,33.71373750269413,1281, 1243, 0, 0, 0
27,51,33.73110666871071,1302, 1251, 0, 0, 0
27,51,33.75078085809946,1263, 1252, 0, 0, 0
27,51,33.769302535802126,1165, 1247, 0, 0, 0
27,51,33.78897672519088,1178, 1242, 0, 0, 0
27,51,33.806334249675274,1275, 1243, 0, 0, 0
27,51,33.82485592737794,1329, 1249, 0, 0, 0
27,51,33.843377605080605,1266, 1251, 0, 0, 0
27,51,33.86189928278327,1166, 1246, 0, 0, 0
27,52,33.880420960485935,1176, 1242, 0, 0, 0
27,52,33.89893099665642,1285, 1243, 0, 0, 0
27,52,33.91861682757735,1330, 1250, 0, 0, 0
27,52,33.937126863747835,1258, 1251, 0, 0, 0
27,52,33.954496029764414,1169, 1246, 0, 0, 0
27,52,33.97301770746708,1175, 1242, 0, 0, 0
27,52,33.99152774363756,1284, 1243, 0, 0, 0
27,52,34.01004942134023,1330, 1249, 0, 0, 0
27,52,34.027418587356806,1205, 1249, 0, 0, 0
27,52,34.04709277674556,1168, 1246, 0, 0, 0
27,52,34.064450301229954,1215, 1241, 0, 0, 0
27,52,34.08297197893262,1321, 1246, 0, 0, 0
27,52,34.101493656635284,1301, 1250, 0, 0, 0
27,52,34.12001533433795,1208, 1250, 0, 0, 0
27,52,34.137372858822346,1156, 1244, 0, 0, 0
27,52,34.1570470482111,1211, 1241, 0, 0, 0
27,52,34.17673287913203,1277, 1243, 0, 0, 0
27,52,34.19409040361643,1303, 1251, 0, 0, 0
27,52,34.212612081319094,1198, 1250, 0, 0, 0
27,52,34.23113375902176,1157, 1244, 0, 0, 0
27,52,34.25080794841051,1176, 1242, 0, 0, 0
27,52,34.26816547289491,1318, 1246, 0, 0, 0
27,52,34.285534638911486,1306, 1252, 0, 0, 0
27,52,34.306361339986324,1269, 1252, 0, 0, 0
27,52,34.32488301768899,1166, 1246, 0, 0, 0
27,52,34.3410880304873,1219, 1241, 0, 0, 0
27,52,34.36076221987605,1316, 1246, 0, 0, 0
27,52,34.380448050796986,1330, 1249, 0, 0, 0
27,52,34.396653063595295,1206, 1250, 0, 0, 0
27,52,34.41516309976578,1158, 1244, 0, 0, 0
27,52,34.43484893068671,1213, 1241, 0, 0, 0
27,52,34.454523120075464,1281, 1243, 0, 0, 0
27,52,34.47304479777813,1311, 1251, 0, 0, 0
27,52,34.48808565735817,1184, 1249, 0, 0, 0
27,52,34.50892399996519,1163, 1243, 0, 0, 0
27,52,34.527445677667856,1212, 1240, 0, 0, 0
27,52,34.54596735537052,1320, 1246, 0, 0, 0
27,52,34.564477391541004,1303, 1252, 0, 0, 0
27,52,34.58068240433931,1172, 1247, 0, 0, 0
27,52,34.59920408204198,1171, 1242, 0, 0, 0
27,52,34.61887827143073,1277, 1242, 0, 0, 0
27,52,34.63624743744731,1326, 1251, 0, 0, 0
27,52,34.65592162683606,1265, 1252, 0, 0, 0
27,52,34.67444330453873,1189, 1248, 0, 0, 0
27,52,34.69180082902312,1187, 1241, 0, 0, 0
27,52,34.71032250672579,1274, 1243, 0, 0, 0
27,52,34.72999669611454,1330, 1249, 0, 0, 0
27,52,34.748518373817205,1291, 1252, 0, 0, 0
27,52,34.76704005151987,1182, 1249, 0, 0, 0
27,52,34.785561729222536,1161, 1243, 0, 0, 0
27,52,34.80523591861129,1242, 1241, 0, 0, 0
27,52,34.82375759631395,1312, 1245, 0, 0, 0
27,52,34.84227927401662,1310, 1251, 0, 0, 0
27,52,34.85848428681493,1170, 1247, 0, 0, 0
27,52,34.87815847620368,1167, 1242, 0, 0, 0
27,52,34.895516000688076,1294, 1244, 0, 0, 0
27,52,34.91520183160901,1324, 1247, 0, 0, 0
27,52,34.93487602099776,1294, 1252, 0, 0, 0
27,52,34.95223354548216,1170, 1247, 0, 0, 0
27,52,34.970755223184824,1171, 1242, 0, 0, 0
27,52,34.98696023598313,1312, 1246, 0, 0, 0
27,52,35.0054819136858,1311, 1251, 0, 0, 0
27,53,35.02632025629282,1277, 1252, 0, 0, 0
27,53,35.043677780777216,1174, 1246, 0, 0, 0
27,53,35.06335197016597,1168, 1242, 0, 0, 0
27,53,35.08072113618255,1262, 1242, 0, 0, 0
27,53,35.09923117235303,1331, 1249, 0, 0, 0
27,53,35.117752850055695,1269, 1252, 0, 0, 0
27,53,35.13627452775836,1175, 1247, 0, 0, 0
27,53,35.154796205461025,1167, 1242, 0, 0, 0
27,53,35.17447039484978,1271, 1242, 0, 0, 0
27,53,35.19299207255244,1332, 1249, 0, 0, 0
27,53,35.21151375025511,1270, 1252, 0, 0, 0
27,53,35.23003542795777,1169, 1247, 0, 0, 0
27,53,35.248545464128256,1158, 1243, 0, 0, 0
27,53,35.265914630144835,1293, 1243, 0, 0, 0
27,53,35.28558881953359,1324, 1247, 0, 0, 0
27,53,35.30411049723625,1295, 1251, 0, 0, 0
27,53,35.32146802172065,1163, 1245, 0, 0, 0
27,53,35.3411422111094,1159, 1244, 0, 0, 0
27,53,35.35734722390771,1289, 1243, 0, 0, 0
27,53,35.375868901610374,1327, 1250, 0, 0, 0
27,53,35.395543090999126,1252, 1252, 0, 0, 0
27,53,35.412912257015705,1161, 1246, 0, 0, 0
27,53,35.43143393471837,1187, 1242, 0, 0, 0
27,53,35.448791459202766,1326, 1248, 0, 0, 0
27,53,35.46846564859152,1329, 1250, 0, 0, 0
27,53,35.486987326294184,1255, 1251, 0, 0, 0
27,53,35.506661515682936,1164, 1245, 0, 0, 0
27,53,35.524030681699514,1185, 1242, 0, 0, 0
27,53,35.54138820618391,1324, 1247, 0, 0, 0
27,53,35.56222654879093,1326, 1250, 0, 0, 0
27,53,35.57843156158924,1192, 1249, 0, 0, 0
27,53,35.59810575097799,1163, 1245, 0, 0, 0
27,53,35.617779940366745,1181, 1242, 0, 0, 0
27,53,35.635149106383324,1293, 1243, 0, 0, 0
27,53,35.654823295772076,1327, 1250, 0, 0, 0
27,53,35.67334497347474,1248, 1252, 0, 0, 0
27,53,35.691866651177406,1165, 1246, 0, 0, 0
27,53,35.71037668734789,1180, 1242, 0, 0, 0
27,53,35.72774585336447,1292, 1243, 0, 0, 0
27,53,35.745103377848864,1305, 1251, 0, 0, 0
27,53,35.76362505555153,1197, 1249, 0, 0, 0
27,53,35.780982580035925,1181, 1242, 0, 0, 0
27,53,35.80066841095686,1196, 1240, 0, 0, 0
27,53,35.82034260034561,1310, 1244, 0, 0, 0
27,53,35.83654761314392,1277, 1252, 0, 0, 0
27,53,35.85622180253267,1180, 1248, 0, 0, 0
27,53,35.87474348023534,1157, 1244, 0, 0, 0
27,53,35.893265157938,1219, 1241, 0, 0, 0
27,53,35.9106226824224,1331, 1250, 0, 0, 0
27,53,35.93493020161986,1330, 1248, 0, 0, 0
27,53,35.95345187932253,1302, 1251, 0, 0, 0
27,53,35.970809403806925,1163, 1246, 0, 0, 0
27,53,35.987014416605234,1202, 1240, 0, 0, 0
27,53,36.0055360943079,1305, 1245, 0, 0, 0
27,53,36.02637443691492,1331, 1248, 0, 0, 0
27,53,36.04720113798976,1321, 1251, 0, 0, 0
27,53,36.06457030400634,1176, 1248, 0, 0, 0
27,53,36.08424449339509,1166, 1247, 0, 0, 0
27,53,36.09813284128904,1328, 1246, 0, 0, 0
27,53,36.117807030677795,1331, 1249, 0, 0, 0
27,53,36.134012043476105,1225, 1251, 0, 0, 0
27,53,36.15253372117877,1163, 1242, 0, 0, 0
27,53,36.171055398881435,1221, 1240, 0, 0, 0
27,54,36.18841292336583,1329, 1249, 0, 0, 0
27,54,36.208098754286766,1288, 1252, 0, 0, 0
27,54,36.22777294367552,1199, 1250, 0, 0, 0
27,54,36.24281380325556,1197, 1241, 0, 0, 0
27,54,36.26249963417649,1247, 1241, 0, 0, 0
27,54,36.27985715866089,1322, 1252, 0, 0, 0
27,54,36.29953134804964,1283, 1251, 0, 0, 0
27,54,36.318053025752306,1182, 1248, 0, 0, 0
27,54,36.33657470345497,1161, 1243, 0, 0, 0
27,54,36.35509638115764,1242, 1241, 0, 0, 0
27,54,36.37477057054639,1330, 1249, 0, 0, 0
27,54,36.3909755833447,1230, 1251, 0, 0, 0
27,54,36.41064977273345,1184, 1248, 0, 0, 0
27,54,36.42801893875003,1190, 1241, 0, 0, 0
27,54,36.44769312813878,1255, 1241, 0, 0, 0
27,54,36.466214805841446,1329, 1248, 0, 0, 0
27,54,36.48357233032584,1234, 1251, 0, 0, 0
27,54,36.50441067293286,1188, 1249, 0, 0, 0
27,54,36.52176819741726,1162, 1243, 0, 0, 0
27,54,36.54144238680601,1249, 1242, 0, 0, 0
27,54,36.55764739960432,1325, 1251, 0, 0, 0
27,54,36.576169077306986,1238, 1251, 0, 0, 0
27,54,36.59700741991401,1190, 1248, 0, 0, 0
27,54,36.61321243271232,1197, 1242, 0, 0, 0
27,54,36.63173411041498,1299, 1244, 0, 0, 0
27,54,36.650244146585464,1322, 1251, 0, 0, 0
27,54,36.66876582428813,1244, 1252, 0, 0, 0
27,54,36.68613499030471,1159, 1245, 0, 0, 0
27,54,36.70696169137955,1158, 1243, 0, 0, 0
27,54,36.723166704177856,1297, 1244, 0, 0, 0
27,54,36.74168838188052,1324, 1250, 0, 0, 0
27,54,36.761362571269274,1247, 1251, 0, 0, 0
27,54,36.77873173728585,1159, 1245, 0, 0, 0
